,2017-Purdue-UNAL-IronHack-ivdgonzalezco,2017-Purdue-UNAL-IronHack-mdbelloc,2017-Purdue-UNAL-IronHack-jmalvarezd,2017-Purdue-UNAL-IronHack-ncampuzano,2017-Purdue-UNAL-IronHack-ccvacad,2017-Purdue-UNAL-IronHack-miaborjaac,2017-Purdue-UNAL-IronHack-pcberriop,2017-Purdue-UNAL-IronHack-leavendanoro,2017-Purdue-UNAL-IronHack-Zeugmax,2017-Purdue-UNAL-IronHack-JuanitoAli,2017-Purdue-UNAL-IronHack-jdmonroyg,2017-Purdue-UNAL-IronHack-katherinsb,2017-Purdue-UNAL-IronHack-bdcajicam,2017-Purdue-UNAL-IronHack-xdanielsb,2017-Purdue-UNAL-IronHack-anfmorenoso,2017-Purdue-UNAL-IronHack-bdvegat,2017-Purdue-UNAL-IronHack-oeroaq,2017-Purdue-UNAL-IronHack-CSebasGomez,2017-Purdue-UNAL-IronHack-luealfonsoru,2017-Purdue-UNAL-IronHack-jonatan360,2017-Purdue-UNAL-IronHack-lemartinp,2017-Purdue-UNAL-IronHack-Christian7sr,2017-Purdue-UNAL-IronHack-helmeraac,2017-Purdue-UNAL-IronHack-raulramirezp,2017-Purdue-UNAL-IronHack-uxjudges2,2017-Purdue-UNAL-IronHack-jumcorredorro,2017-Purdue-UNAL-IronHack-lacardenasv,2017-Purdue-UNAL-IronHack-kancas,2017-Purdue-UNAL-IronHack-fffeelipe,2017-Purdue-UNAL-IronHack-maikellPardoA,2017-Purdue-UNAL-IronHack-juligarji,2017-Purdue-UNAL-IronHack-JulianaNino,2017-Purdue-UNAL-IronHack-jufcontrerasco,2017-Purdue-UNAL-IronHack-juasmartinezbel,2017-Purdue-UNAL-IronHack-falperezgo,2017-Purdue-UNAL-IronHack-macuestap,2017-Purdue-UNAL-IronHack-begarzonf,2017-Purdue-UNAL-IronHack-DglyP,2017-Purdue-UNAL-IronHack-srmedinac,2017-Purdue-UNAL-IronHack-davidh17,2017-Purdue-UNAL-IronHack-spenas,2017-Purdue-UNAL-IronHack-jesusfchavarro,2017-Purdue-UNAL-IronHack-capinillab,2017-Purdue-UNAL-IronHack-Moimolcp,2017-Purdue-UNAL-IronHack-JhonEmmanuelTorres,2017-Purdue-UNAL-IronHack-dasalgadob,2017-Purdue-UNAL-IronHack-wolfstain,2017-Purdue-UNAL-IronHack-JoseMolano,2017-Purdue-UNAL-IronHack-DianaNavarrete,2017-Purdue-UNAL-IronHack-jjmuesesq,2017-Purdue-UNAL-IronHack-gsuarezc04,2017-Purdue-UNAL-IronHack-gabi04,2017-Purdue-UNAL-IronHack-jucjimenezmo,2017-Purdue-UNAL-IronHack-lsfinite,2017-Purdue-UNAL-IronHack-djsanabriac,2017-Purdue-UNAL-IronHack-juanescai,2017-Purdue-UNAL-IronHack-dfhincapiem,2017-Purdue-UNAL-IronHack-odprietoh,2017-Purdue-UNAL-IronHack-oacastillol,2017-Purdue-UNAL-IronHack-Davsatu313,2017-Purdue-UNAL-IronHack-NicolasPrr,2017-Purdue-UNAL-IronHack-joahernandezca,2017-Purdue-UNAL-IronHack-sarizag,2017-Purdue-UNAL-IronHack-djguzmanc,2017-Purdue-UNAL-IronHack-jjrodriguezn,2017-Purdue-UNAL-IronHack-davidrh195,2017-Purdue-UNAL-IronHack-joaortizro,2017-Purdue-UNAL-IronHack-tres-iqus,2017-Purdue-UNAL-IronHack-diegocruz10,2017-Purdue-UNAL-IronHack-CamiloRueda,2017-Purdue-UNAL-IronHack-pipemax85,2017-Purdue-UNAL-IronHack-cap182,2017-Purdue-UNAL-IronHack-juandavidro,2017-Purdue-UNAL-IronHack-ligibrial,2017-Purdue-UNAL-IronHack-fevargasmo,2017-Purdue-UNAL-IronHack-jmcuestasb,2017-Purdue-UNAL-IronHack-dagofonseca,2017-Purdue-UNAL-IronHack-Dandarprox,2017-Purdue-UNAL-IronHack-feartheGru,2017-Purdue-UNAL-IronHack-crigar,2017-Purdue-UNAL-IronHack-annipi,2017-Purdue-UNAL-IronHack-adamantwharf,2017-Purdue-UNAL-IronHack-CristianLozano,2017-Purdue-UNAL-IronHack-ykchautai,2017-Purdue-UNAL-IronHack-mballeng91,2017-Purdue-UNAL-IronHack-jscontrerasp,2017-Purdue-UNAL-IronHack-gasierram,2017-Purdue-UNAL-IronHack-jsnarvaezb,2017-Purdue-UNAL-IronHack-fabianr23,2017-Purdue-UNAL-IronHack-juclopezso,2017-Purdue-UNAL-IronHack-adriel62,2017-Purdue-UNAL-IronHack-luegilca,2017-Purdue-UNAL-IronHack-fmbernalb,2017-Purdue-UNAL-IronHack-DavidQP,2017-Purdue-UNAL-IronHack-anmmunozme,2017-Purdue-UNAL-IronHack-daandradec,2017-Purdue-UNAL-IronHack-janoguerab,2017-Purdue-UNAL-IronHack-stevenbustos,2017-Purdue-UNAL-IronHack-NicolasZon,2017-Purdue-UNAL-IronHack-kgbayala528,2017-Purdue-UNAL-IronHack-bsgarciac,2017-Purdue-UNAL-IronHack-yocuervoc,2017-Purdue-UNAL-IronHack-dsbarrerag,2017-Purdue-UNAL-IronHack-jhriverasa,2017-Purdue-UNAL-IronHack-jdsolanos,2017-Purdue-UNAL-IronHack-HashNick,2017-Purdue-UNAL-IronHack-AFelipeGA,2017-Purdue-UNAL-IronHack-leguzman,2017-Purdue-UNAL-IronHack-li2266,2017-Purdue-UNAL-IronHack-MogGy94,2017-Purdue-UNAL-IronHack-wilson911013,2017-Purdue-UNAL-IronHack-hsmartineza,2017-Purdue-UNAL-IronHack-crarojasca,2017-Purdue-UNAL-IronHack-capinzor,2017-Purdue-UNAL-IronHack-jhonsd1996,2017-Purdue-UNAL-IronHack-Gantiva,2017-Purdue-UNAL-IronHack-Danielsv9207,2017-Purdue-UNAL-IronHack-nfmorenog,2017-Purdue-UNAL-IronHack-kmendezp96,2017-Purdue-UNAL-IronHack-jdsuarezj,2017-Purdue-UNAL-IronHack-camilo654,2017-Purdue-UNAL-IronHack-cccristanchoc,2017-Purdue-UNAL-IronHack-ofnanezn,2017-Purdue-UNAL-IronHack-wapiravaguens,2017-Purdue-UNAL-IronHack-cdcordobaa,2017-Purdue-UNAL-IronHack-jcneivaa,2017-Purdue-UNAL-IronHack-jusherrerama,2017-Purdue-UNAL-IronHack-jorge52an,2017-Purdue-UNAL-IronHack-Phoenixest,2017-Purdue-UNAL-IronHack-sacastroc,2017-Purdue-UNAL-IronHack-Judgarciani,2017-Purdue-UNAL-IronHack-nabautistal,2017-Purdue-UNAL-IronHack-Yelis3,2017-Purdue-UNAL-IronHack-Semoralesga,2017-Purdue-UNAL-IronHack-ItsNavi,2017-Purdue-UNAL-IronHack-jcrubioa,2017-Purdue-UNAL-IronHack-afforeroc,2017-Purdue-UNAL-IronHack-jiapulidoar,2017-Purdue-UNAL-IronHack-lfvalderrama,2017-Purdue-UNAL-IronHack-jhcardenasa,2017-Purdue-UNAL-IronHack-dduartec,2017-Purdue-UNAL-IronHack-sagilm,2017-Purdue-UNAL-IronHack-andfsanchezlem,2017-Purdue-UNAL-IronHack-gcantem,2017-Purdue-UNAL-IronHack-lgmoralesa,2017-Purdue-UNAL-IronHack-Chranium,2017-Purdue-UNAL-IronHack-oserasoa,2017-Purdue-UNAL-IronHack-jmhurtadoc,2017-Purdue-UNAL-IronHack-diegoaguevarar,2017-Purdue-UNAL-IronHack-debeltranc,2017-Purdue-UNAL-IronHack-maikellPardo,2017-Purdue-UNAL-IronHack-idrojasf,2017-Purdue-UNAL-IronHack-ronaldsg20,2017-Purdue-UNAL-IronHack-jsviveroj,2017-Purdue-UNAL-IronHack-afceballosr,2017-Purdue-UNAL-IronHack-UNhcrodriguezl,2017-Purdue-UNAL-IronHack-aldiazve,2017-Purdue-UNAL-IronHack-jscastelblancoh,2017-Purdue-UNAL-IronHack-cesarochoa2006,2017-Purdue-UNAL-IronHack-camilo13152,2017-Purdue-UNAL-IronHack-smarquezo,2017-Purdue-UNAL-IronHack-lizzyt10h,2017-Purdue-UNAL-IronHack-JairVillalba,2017-Purdue-UNAL-IronHack-mnguzmanc,2017-Purdue-UNAL-IronHack-gfalbarracinr
2017-Purdue-UNAL-IronHack-ivdgonzalezco,1,0.016042780748663103,0.026737967914438502,0.0106951871657754,0.6528497409326425,0.6844919786096256,0.0481283422459893,0.06951871657754011,0.0,0.5374449339207048,0.0748663101604278,0.29515418502202645,0.016042780748663103,0.6743295019157088,0.11764705882352941,0.0213903743315508,0.03271028037383177,0.0,0.5121951219512195,0.7193877551020408,0.0374331550802139,0.09090909090909091,0.016042780748663103,0.6631016042780749,0.0,0.12299465240641712,0.06741167988464311,0.08762886597938144,0.1282051282051282,0.0213903743315508,0.23931623931623933,0.8074866310160428,0.0427807486631016,0.0425531914893617,0.7551020408163265,0.0374331550802139,0.68,0.06103286384976526,0.5559440559440559,0.14385964912280702,0.1925133689839572,0.34065934065934067,0.0213903743315508,0.016042780748663103,0.0,0.016042780748663103,0.7112299465240641,0.026737967914438502,0.03208556149732621,0.1702127659574468,0.058823529411764705,0.211340206185567,0.0213903743315508,0.14521193092621665,0.03208556149732621,0.0,0.0213903743315508,0.0,0.02617801047120419,0.016042780748663103,0.06417112299465241,0.06282722513089005,0.0427807486631016,0.2192513368983957,0.03208556149732621,0.5670103092783505,0.016042780748663103,0.0,0.0855614973262032,0.0855614973262032,0.0106951871657754,0.0,0.016042780748663103,0.36704119850187267,0.07368421052631578,0.17963496637848222,0.015706806282722512,0.5968586387434555,0.0,0.0213903743315508,0.0,0.026737967914438502,0.0481283422459893,0.047872340425531915,0.0427807486631016,0.0481283422459893,0.026737967914438502,0.0213903743315508,0.14507772020725387,0.7540106951871658,0.4739583333333333,0.7647058823529411,0.0,0.26737967914438504,0.07009345794392523,0.30845771144278605,0.026737967914438502,0.0962566844919786,0.016042780748663103,0.053475935828877004,0.042328042328042326,0.0,0.0427807486631016,0.042105263157894736,0.0,0.016042780748663103,0.7222222222222222,0.041884816753926704,0.0,0.0,0.052083333333333336,0.0213903743315508,0.0,0.19148936170212766,0.11229946524064172,0.0213903743315508,0.0,0.016042780748663103,0.27705627705627706,0.1443850267379679,0.2192513368983957,0.2192513368983957,0.5314685314685315,0.016042780748663103,0.03208556149732621,0.0,0.6129032258064516,0.020512820512820513,0.026737967914438502,0.031914893617021274,0.0374331550802139,0.12834224598930483,0.30297029702970296,0.026737967914438502,0.0,0.7090163934426229,0.0427807486631016,0.051134809953513806,0.0962566844919786,0.0,0.13615023474178403,0.03208556149732621,0.016042780748663103,0.0,0.6203208556149733,0.015873015873015872,0.016042780748663103,0.05319148936170213,0.026595744680851064,0.0213903743315508,0.0,0.76,0.06785195936139332,0.6402116402116402,0.026737967914438502,0.0427807486631016,0.06194104007949652,0.0374331550802139,0.06417112299465241,0.6042780748663101,0.0427807486631016,0.02631578947368421,0.0374331550802139,0.04672897196261682,0.1497326203208556
2017-Purdue-UNAL-IronHack-mdbelloc,0.016042780748663103,1,0.6,0.6666666666666666,0.022727272727272728,0.0234375,0.3333333333333333,0.23076923076923078,0.0,0.018518518518518517,0.21428571428571427,0.028037383177570093,1.0,0.012,0.13636363636363635,0.75,0.05714285714285714,0.0,0.004016064257028112,0.02,0.42857142857142855,0.17647058823529413,1.0,0.024193548387096774,0.0,0.13043478260869565,0.0010814708002883922,0.125,0.058823529411764705,0.75,0.02912621359223301,0.019867549668874173,0.375,0.3333333333333333,0.01910828025477707,0.42857142857142855,0.020134228187919462,0.07692307692307693,0.011627906976744186,0.02158273381294964,0.08333333333333333,0.0070921985815602835,0.75,1.0,0.0,1.0,0.022556390977443608,0.6,0.5,0.09090909090909091,0.2727272727272727,0.0625,0.75,0.0023584905660377358,0.5,0.0,0.75,0.0,0.3333333333333333,1.0,0.25,0.1875,0.375,0.07317073170731707,0.5,0.02564102564102564,1.0,0.0,0.1875,0.1875,0.6666666666666666,0.0,1.0,0.016853932584269662,0.17647058823529413,0.002881844380403458,0.42857142857142855,0.025423728813559324,0.0,0.75,0.0,0.6,0.3333333333333333,0.3,0.375,0.3333333333333333,0.6,0.75,0.08823529411764706,0.02127659574468085,0.03125,0.02097902097902098,0.0,0.06,0.07142857142857142,0.039473684210526314,0.6,0.16666666666666666,1.0,0.3,0.3,0.0,0.375,0.2727272727272727,0.0,0.5,0.01948051948051948,0.25,0.0,0.0,0.2,0.75,0.0,0.03225806451612903,0.14285714285714285,0.75,0.0,1.0,0.01834862385321101,0.1111111111111111,0.07317073170731707,0.07317073170731707,0.01195219123505976,1.0,0.5,0.0,0.014084507042253521,0.25,0.6,0.42857142857142855,0.42857142857142855,0.125,0.006369426751592357,0.6,0.0,0.013043478260869565,0.375,0.0008203445447087777,0.16666666666666666,0.0,0.05454545454545454,0.5,1.0,0.0,0.02586206896551724,0.6,1.0,0.2727272727272727,0.5,0.75,0.0,0.01818181818181818,0.0010885341074020319,0.024390243902439025,0.6,0.375,0.0009937065253395165,0.42857142857142855,0.25,0.02654867256637168,0.375,0.375,0.42857142857142855,0.08108108108108109,0.10714285714285714
2017-Purdue-UNAL-IronHack-jmalvarezd,0.026737967914438502,0.6,1,0.4,0.03787878787878788,0.0390625,0.5555555555555556,0.38461538461538464,0.0,0.030864197530864196,0.35714285714285715,0.04672897196261682,0.6,0.02,0.22727272727272727,0.8,0.05405405405405406,0.0,0.00398406374501992,0.03333333333333333,0.7142857142857143,0.29411764705882354,0.6,0.04032258064516129,0.0,0.21739130434782608,0.001802451333813987,0.16,0.05555555555555555,0.8,0.04854368932038835,0.033112582781456956,0.625,0.5555555555555556,0.03184713375796178,0.7142857142857143,0.03355704697986577,0.1282051282051282,0.01937984496124031,0.03597122302158273,0.10810810810810811,0.01182033096926714,0.8,0.6,0.0,0.6,0.03759398496240601,1.0,0.8333333333333334,0.15151515151515152,0.45454545454545453,0.10416666666666667,0.8,0.003930817610062893,0.8333333333333334,0.0,0.8,0.0,0.5555555555555556,0.6,0.4166666666666667,0.3125,0.625,0.12195121951219512,0.8333333333333334,0.042735042735042736,0.6,0.0,0.3125,0.3125,0.4,0.0,0.6,0.028089887640449437,0.29411764705882354,0.004803073967339097,0.3333333333333333,0.0423728813559322,0.0,0.8,0.0,1.0,0.5555555555555556,0.5,0.625,0.5555555555555556,0.6666666666666666,0.8,0.14705882352941177,0.03546099290780142,0.030612244897959183,0.03496503496503497,0.0,0.1,0.11904761904761904,0.06578947368421052,1.0,0.2777777777777778,0.6,0.5,0.5,0.0,0.625,0.45454545454545453,0.0,0.3333333333333333,0.032467532467532464,0.4166666666666667,0.0,0.0,0.3333333333333333,0.8,0.0,0.053763440860215055,0.23809523809523808,0.8,0.0,0.6,0.018018018018018018,0.18518518518518517,0.12195121951219512,0.12195121951219512,0.0199203187250996,0.6,0.8333333333333334,0.0,0.023474178403755867,0.21428571428571427,1.0,0.7142857142857143,0.7142857142857143,0.20833333333333334,0.010615711252653927,1.0,0.0,0.021739130434782608,0.625,0.0013672409078479629,0.2777777777777778,0.0,0.09090909090909091,0.8333333333333334,0.6,0.0,0.04310344827586207,0.42857142857142855,0.6,0.45454545454545453,0.5714285714285714,0.8,0.0,0.030303030303030304,0.00181422351233672,0.024,1.0,0.625,0.0016561775422325273,0.7142857142857143,0.4166666666666667,0.04424778761061947,0.625,0.625,0.7142857142857143,0.13513513513513514,0.17857142857142858
2017-Purdue-UNAL-IronHack-ncampuzano,0.0106951871657754,0.6666666666666666,0.4,1,0.015151515151515152,0.015625,0.2222222222222222,0.15384615384615385,0.0,0.012345679012345678,0.14285714285714285,0.018691588785046728,0.6666666666666666,0.008,0.09090909090909091,0.5,0.058823529411764705,0.0,0.004032258064516129,0.013333333333333334,0.2857142857142857,0.11764705882352941,0.6666666666666666,0.016129032258064516,0.0,0.08695652173913043,0.0007209805335255948,0.08333333333333333,0.06060606060606061,0.5,0.019417475728155338,0.013245033112582781,0.25,0.2222222222222222,0.012738853503184714,0.2857142857142857,0.013422818791946308,0.05128205128205128,0.007751937984496124,0.014388489208633094,0.05555555555555555,0.004728132387706856,0.5,0.6666666666666666,0.0,0.6666666666666666,0.015037593984962405,0.4,0.3333333333333333,0.06060606060606061,0.18181818181818182,0.041666666666666664,0.5,0.0015723270440251573,0.3333333333333333,0.0,0.5,0.0,0.2222222222222222,0.6666666666666666,0.16666666666666666,0.125,0.25,0.04878048780487805,0.3333333333333333,0.017094017094017096,0.6666666666666666,0.0,0.125,0.125,1.0,0.0,0.6666666666666666,0.011235955056179775,0.11764705882352941,0.0019212295869356388,0.2857142857142857,0.01694915254237288,0.0,0.5,0.0,0.4,0.2222222222222222,0.2,0.25,0.2222222222222222,0.4,0.5,0.058823529411764705,0.014184397163120567,0.020833333333333332,0.013986013986013986,0.0,0.04,0.047619047619047616,0.02631578947368421,0.4,0.1111111111111111,0.6666666666666666,0.2,0.2,0.0,0.25,0.18181818181818182,0.0,0.6666666666666666,0.012987012987012988,0.16666666666666666,0.0,0.0,0.13333333333333333,0.5,0.0,0.021505376344086023,0.09523809523809523,0.5,0.0,0.6666666666666666,0.018518518518518517,0.07407407407407407,0.04878048780487805,0.04878048780487805,0.00796812749003984,0.6666666666666666,0.3333333333333333,0.0,0.009389671361502348,0.16666666666666666,0.4,0.2857142857142857,0.2857142857142857,0.08333333333333333,0.004246284501061571,0.4,0.0,0.008695652173913044,0.25,0.0005468963631391851,0.1111111111111111,0.0,0.03636363636363636,0.3333333333333333,0.6666666666666666,0.0,0.017241379310344827,0.4,0.6666666666666666,0.18181818181818182,0.3333333333333333,0.5,0.0,0.012121212121212121,0.000725689404934688,0.016260162601626018,0.4,0.25,0.000662471016893011,0.2857142857142857,0.16666666666666666,0.017699115044247787,0.25,0.25,0.2857142857142857,0.05405405405405406,0.07142857142857142
2017-Purdue-UNAL-IronHack-ccvacad,0.6528497409326425,0.022727272727272728,0.03787878787878788,0.015151515151515152,1,0.8571428571428571,0.06818181818181818,0.09848484848484848,0.0,0.6243093922651933,0.10606060606060606,0.16585365853658537,0.022727272727272728,0.5039370078740157,0.14074074074074075,0.030303030303030304,0.031055900621118012,0.0,0.4141791044776119,0.7195121951219512,0.05303030303030303,0.12878787878787878,0.022727272727272728,0.8285714285714286,0.0,0.13970588235294118,0.047584715212689255,0.11428571428571428,0.2222222222222222,0.030303030303030304,0.25668449197860965,0.76875,0.06060606060606061,0.06015037593984962,0.6235955056179775,0.05303030303030303,0.8246753246753247,0.06875,0.4606741573033708,0.07539682539682539,0.2537313432835821,0.2817551963048499,0.030303030303030304,0.022727272727272728,0.0,0.022727272727272728,0.7905405405405406,0.03787878787878788,0.045454545454545456,0.13013698630136986,0.08333333333333333,0.11801242236024845,0.030303030303030304,0.10204081632653061,0.045454545454545456,0.0,0.030303030303030304,0.0,0.03676470588235294,0.022727272727272728,0.09090909090909091,0.07246376811594203,0.06060606060606061,0.12337662337662338,0.045454545454545456,0.7054794520547946,0.022727272727272728,0.0,0.12121212121212122,0.12121212121212122,0.015151515151515152,0.0,0.022727272727272728,0.4485981308411215,0.1037037037037037,0.12464046021093,0.022058823529411766,0.8248175182481752,0.0,0.030303030303030304,0.0,0.03787878787878788,0.06818181818181818,0.06766917293233082,0.06060606060606061,0.06818181818181818,0.03007518796992481,0.030303030303030304,0.24812030075187969,0.70625,0.6642335766423357,0.6871165644171779,0.0,0.3582089552238806,0.08074534161490683,0.3419354838709677,0.03787878787878788,0.13636363636363635,0.022727272727272728,0.06766917293233082,0.05970149253731343,0.0,0.06060606060606061,0.05925925925925926,0.0,0.015037593984962405,0.6067415730337079,0.058823529411764705,0.0,0.0,0.072992700729927,0.030303030303030304,0.0,0.23626373626373626,0.1417910447761194,0.030303030303030304,0.0,0.022727272727272728,0.2903225806451613,0.1357142857142857,0.291044776119403,0.291044776119403,0.4344569288389513,0.022727272727272728,0.045454545454545456,0.0,0.5131578947368421,0.02857142857142857,0.03787878787878788,0.045112781954887216,0.05303030303030303,0.1386861313868613,0.2802547770700637,0.03787878787878788,0.0,0.5404255319148936,0.06060606060606061,0.03609515996718622,0.13636363636363635,0.0,0.1402439024390244,0.045454545454545456,0.022727272727272728,0.0,0.8507462686567164,0.022388059701492536,0.022727272727272728,0.05925925925925926,0.029850746268656716,0.030303030303030304,0.0,0.659217877094972,0.047895500725689405,0.7586206896551724,0.03787878787878788,0.06060606060606061,0.04372308711493872,0.05303030303030303,0.09090909090909091,0.7753623188405797,0.06060606060606061,0.037037037037037035,0.05303030303030303,0.049689440993788817,0.1347517730496454
2017-Purdue-UNAL-IronHack-miaborjaac,0.6844919786096256,0.0234375,0.0390625,0.015625,0.8571428571428571,1,0.0703125,0.1015625,0.0,0.6111111111111112,0.109375,0.20512820512820512,0.0234375,0.5,0.171875,0.03125,0.04516129032258064,0.0,0.3837638376383764,0.6162790697674418,0.0546875,0.1328125,0.0234375,0.8394160583941606,0.0,0.1796875,0.046142754145638065,0.10144927536231885,0.18382352941176472,0.03125,0.23529411764705882,0.7547169811320755,0.0625,0.06201550387596899,0.6101694915254238,0.0546875,0.7643312101910829,0.08441558441558442,0.42962962962962964,0.10330578512396695,0.28125,0.255125284738041,0.03125,0.0234375,0.0,0.0234375,0.8776978417266187,0.0390625,0.046875,0.18382352941176472,0.0859375,0.16556291390728478,0.03125,0.0989010989010989,0.046875,0.0,0.03125,0.0,0.03787878787878788,0.0234375,0.09375,0.09090909090909091,0.0625,0.1736111111111111,0.046875,0.7013888888888888,0.0234375,0.0,0.125,0.125,0.015625,0.0,0.0234375,0.43661971830985913,0.10687022900763359,0.12295869356388088,0.022727272727272728,0.8088235294117647,0.0,0.03125,0.0,0.0390625,0.0703125,0.06976744186046512,0.0625,0.0703125,0.0390625,0.03125,0.208955223880597,0.6918238993710691,0.6842105263157895,0.6728395061728395,0.0,0.390625,0.0967741935483871,0.36,0.0390625,0.140625,0.0234375,0.078125,0.06153846153846154,0.0,0.0625,0.061068702290076333,0.0,0.0234375,0.5754189944134078,0.06060606060606061,0.0,0.0,0.07518796992481203,0.03125,0.0,0.24858757062146894,0.1640625,0.03125,0.0,0.0234375,0.2896174863387978,0.19230769230769232,0.3203125,0.3203125,0.40370370370370373,0.0234375,0.046875,0.0,0.4698275862068966,0.029411764705882353,0.0390625,0.046511627906976744,0.0546875,0.1875,0.2690677966101695,0.0390625,0.0,0.5565217391304348,0.0625,0.03500136724090785,0.140625,0.0,0.18831168831168832,0.046875,0.0234375,0.0,0.8625954198473282,0.023076923076923078,0.0234375,0.07751937984496124,0.03875968992248062,0.03125,0.0,0.6277777777777778,0.04644412191582003,0.7074829931972789,0.0390625,0.0625,0.0423981450811527,0.0546875,0.09375,0.7985074626865671,0.0625,0.03816793893129771,0.0546875,0.06451612903225806,0.2
2017-Purdue-UNAL-IronHack-pcberriop,0.0481283422459893,0.3333333333333333,0.5555555555555556,0.2222222222222222,0.06818181818181818,0.0703125,1,0.6923076923076923,0.0,0.05555555555555555,0.6428571428571429,0.08411214953271028,0.3333333333333333,0.036,0.4090909090909091,0.4444444444444444,0.04878048780487805,0.0,0.00392156862745098,0.032467532467532464,0.7777777777777778,0.5294117647058824,0.3333333333333333,0.07258064516129033,0.0,0.391304347826087,0.0032444124008651765,0.13793103448275862,0.05,0.4444444444444444,0.08737864077669903,0.059602649006622516,0.8888888888888888,0.5,0.05732484076433121,0.7777777777777778,0.06040268456375839,0.2,0.03488372093023256,0.06474820143884892,0.0975609756097561,0.02127659574468085,0.4444444444444444,0.3333333333333333,0.0,0.3333333333333333,0.06766917293233082,0.5555555555555556,0.6666666666666666,0.2727272727272727,0.8181818181818182,0.1875,0.4444444444444444,0.007075471698113208,0.6666666666666666,0.0,0.4444444444444444,0.0,0.38461538461538464,0.3333333333333333,0.75,0.5625,0.8888888888888888,0.21951219512195122,0.6666666666666666,0.058823529411764705,0.3333333333333333,0.0,0.5625,0.5625,0.2222222222222222,0.0,0.3333333333333333,0.05056179775280899,0.5294117647058824,0.008645533141210375,0.23076923076923078,0.058333333333333334,0.0,0.4444444444444444,0.0,0.5555555555555556,1.0,0.9,0.7,1.0,0.4,0.4444444444444444,0.22857142857142856,0.04895104895104895,0.029411764705882353,0.0410958904109589,0.0,0.18,0.21428571428571427,0.11842105263157894,0.5555555555555556,0.5,0.3333333333333333,0.9,0.7272727272727273,0.0,0.8888888888888888,0.6666666666666666,0.0,0.2,0.03164556962025317,0.3125,0.0,0.0,0.6,0.4444444444444444,0.0,0.05154639175257732,0.42857142857142855,0.4444444444444444,0.0,0.3333333333333333,0.017391304347826087,0.3333333333333333,0.21951219512195122,0.21951219512195122,0.023622047244094488,0.3333333333333333,0.6666666666666666,0.0,0.027777777777777776,0.16666666666666666,0.5555555555555556,0.45454545454545453,0.7777777777777778,0.375,0.01910828025477707,0.5555555555555556,0.0,0.0391304347826087,0.8888888888888888,0.002461033634126333,0.5,0.0,0.16363636363636364,0.6666666666666666,0.3333333333333333,0.0,0.07758620689655173,0.2727272727272727,0.3333333333333333,0.6666666666666666,0.36363636363636365,0.4444444444444444,0.0,0.05454545454545454,0.003265602322206096,0.023255813953488372,0.5555555555555556,0.8888888888888888,0.0029811195760185492,0.7777777777777778,0.75,0.07964601769911504,0.8888888888888888,0.4166666666666667,0.7777777777777778,0.12195121951219512,0.32142857142857145
2017-Purdue-UNAL-IronHack-leavendanoro,0.06951871657754011,0.23076923076923078,0.38461538461538464,0.15384615384615385,0.09848484848484848,0.1015625,0.6923076923076923,1,0.0,0.0736196319018405,0.9285714285714286,0.12149532710280374,0.23076923076923078,0.052,0.5909090909090909,0.3076923076923077,0.044444444444444446,0.0,0.003861003861003861,0.03164556962025317,0.5384615384615384,0.7647058823529411,0.23076923076923078,0.10483870967741936,0.0,0.5652173913043478,0.004686373467916366,0.12121212121212122,0.045454545454545456,0.3076923076923077,0.1262135922330097,0.08609271523178808,0.6153846153846154,0.375,0.0625,0.5384615384615384,0.087248322147651,0.18181818181818182,0.050387596899224806,0.09352517985611511,0.08888888888888889,0.02107728337236534,0.3076923076923077,0.23076923076923078,0.0,0.23076923076923078,0.09774436090225563,0.38461538461538464,0.46153846153846156,0.3939393939393939,0.8461538461538461,0.2708333333333333,0.3076923076923077,0.010220125786163521,0.46153846153846156,0.0,0.3076923076923077,0.0,0.29411764705882354,0.23076923076923078,0.9230769230769231,0.5263157894736842,0.6153846153846154,0.3170731707317073,0.46153846153846156,0.056910569105691054,0.23076923076923078,0.0,0.8125,0.8125,0.15384615384615385,0.0,0.23076923076923078,0.07303370786516854,0.7647058823529411,0.012487992315081652,0.17647058823529413,0.056451612903225805,0.0,0.3076923076923077,0.0,0.38461538461538464,0.6923076923076923,0.6428571428571429,0.5,0.6923076923076923,0.2857142857142857,0.3076923076923077,0.20512820512820512,0.047619047619047616,0.02830188679245283,0.04,0.0,0.26,0.1956521739130435,0.17105263157894737,0.38461538461538464,0.7222222222222222,0.23076923076923078,0.6428571428571429,0.5333333333333333,0.0,0.6153846153846154,0.5,0.0,0.14285714285714285,0.030864197530864196,0.25,0.0,0.0,0.5555555555555556,0.3076923076923077,0.0,0.04950495049504951,0.6190476190476191,0.3076923076923077,0.0,0.23076923076923078,0.01680672268907563,0.48148148148148145,0.2,0.2,0.023255813953488372,0.23076923076923078,0.46153846153846156,0.0,0.02727272727272727,0.13636363636363635,0.38461538461538464,0.3333333333333333,0.5384615384615384,0.5416666666666666,0.027600849256900213,0.38461538461538464,0.0,0.05652173913043478,0.6153846153846154,0.003554826360404703,0.7222222222222222,0.0,0.23636363636363636,0.46153846153846156,0.23076923076923078,0.0,0.08403361344537816,0.2,0.23076923076923078,0.5,0.26666666666666666,0.3076923076923077,0.0,0.07878787878787878,0.0047169811320754715,0.022556390977443608,0.38461538461538464,0.6153846153846154,0.004306061609804571,0.5384615384615384,0.9230769230769231,0.09565217391304348,0.6153846153846154,0.3125,0.5384615384615384,0.1111111111111111,0.4642857142857143
2017-Purdue-UNAL-IronHack-Zeugmax,0.0,0.0,0.0,0.0,0.0,0.0,0.0,0.0,1,0.0,0.0,0.0,0.0,0.0,0.0,0.0,0.0,0,0.0,0.0,0.0,0.0,0.0,0.0,0,0.0,0.0,0.0,0.0,0.0,0.0,0.0,0.0,0.0,0.0,0.0,0.0,0.0,0.0,0.0,0.0,0.0,0.0,0.0,0,0.0,0.0,0.0,0.0,0.0,0.0,0.0,0.0,0.0,0.0,0,0.0,0,0.0,0.0,0.0,0.0,0.0,0.0,0.0,0.0,0.0,0,0.0,0.0,0.0,0,0.0,0.0,0.0,0.0,0.0,0.0,0,0.0,0,0.0,0.0,0.0,0.0,0.0,0.0,0.0,0.0,0.0,0.0,0.0,0,0.0,0.0,0.0,0.0,0.0,0.0,0.0,0.0,0,0.0,0.0,0,0.0,0.0,0.0,0,0,0.0,0.0,0,0.0,0.0,0.0,0,0.0,0.0,0.0,0.0,0.0,0.0,0.0,0.0,0,0.0,0.0,0.0,0.0,0.0,0.0,0.0,0.0,0,0.0,0.0,0.0,0.0,0,0.0,0.0,0.0,0,0.0,0.0,0.0,0.0,0.0,0.0,0,0.0,0.0,0.0,0.0,0.0,0.0,0.0,0.0,0.0,0.0,0.0,0.0,0.0,0.0
2017-Purdue-UNAL-IronHack-JuanitoAli,0.5374449339207048,0.018518518518518517,0.030864197530864196,0.012345679012345678,0.6243093922651933,0.6111111111111112,0.05555555555555555,0.0736196319018405,0.0,1,0.07317073170731707,0.31862745098039214,0.018518518518518517,0.46619217081850534,0.06976744186046512,0.024691358024691357,0.08287292817679558,0.0,0.43006993006993005,0.6,0.043209876543209874,0.0718562874251497,0.018518518518518517,0.6923076923076923,0.0,0.06936416184971098,0.058399423215573176,0.14814814814814814,0.16766467065868262,0.024691358024691357,0.46408839779005523,0.6217616580310881,0.04938271604938271,0.05555555555555555,0.5870646766169154,0.043209876543209874,0.7182320441988951,0.11666666666666667,0.4634146341463415,0.05244755244755245,0.2222222222222222,0.3235294117647059,0.024691358024691357,0.018518518518518517,0.0,0.018518518518518517,0.6573033707865169,0.030864197530864196,0.037037037037037035,0.07142857142857142,0.06790123456790123,0.06060606060606061,0.024691358024691357,0.11249030256012413,0.037037037037037035,0.0,0.024691358024691357,0.0,0.03636363636363636,0.018518518518518517,0.07407407407407407,0.09876543209876543,0.04938271604938271,0.06282722513089005,0.037037037037037035,0.7012195121951219,0.018518518518518517,0.0,0.09202453987730061,0.08536585365853659,0.012345679012345678,0.0,0.018518518518518517,0.504424778761062,0.09146341463414634,0.14462416745956233,0.024242424242424242,0.6470588235294118,0.0,0.024691358024691357,0.0,0.030864197530864196,0.05555555555555555,0.06172839506172839,0.04938271604938271,0.05555555555555555,0.030864197530864196,0.024691358024691357,0.1951219512195122,0.6117021276595744,0.5636363636363636,0.5968586387434555,0.0,0.2619047619047619,0.1270718232044199,0.3005464480874317,0.030864197530864196,0.07142857142857142,0.018518518518518517,0.06172839506172839,0.06172839506172839,0.0,0.04938271604938271,0.054878048780487805,0.0,0.018518518518518517,0.572139303482587,0.05454545454545454,0.0,0.0,0.09259259259259259,0.024691358024691357,0.0,0.3076923076923077,0.07017543859649122,0.024691358024691357,0.0,0.018518518518518517,0.5697674418604651,0.06779661016949153,0.25308641975308643,0.25308641975308643,0.44405594405594406,0.018518518518518517,0.037037037037037035,0.0,0.6968325791855203,0.07407407407407407,0.030864197530864196,0.03680981595092025,0.043209876543209874,0.06896551724137931,0.33263157894736844,0.030864197530864196,0.0,0.5135135135135135,0.04938271604938271,0.044298605414273995,0.07784431137724551,0.0,0.13612565445026178,0.037037037037037035,0.018518518518518517,0.0,0.6352941176470588,0.018292682926829267,0.018518518518518517,0.06790123456790123,0.037037037037037035,0.024691358024691357,0.0,0.5424528301886793,0.05878084179970972,0.6101694915254238,0.030864197530864196,0.04938271604938271,0.05366015236833389,0.043209876543209874,0.07407407407407407,0.6975308641975309,0.04938271604938271,0.04294478527607362,0.043209876543209874,0.09944751381215469,0.07344632768361582
2017-Purdue-UNAL-IronHack-jdmonroyg,0.0748663101604278,0.21428571428571427,0.35714285714285715,0.14285714285714285,0.10606060606060606,0.109375,0.6428571428571429,0.9285714285714286,0.0,0.07317073170731707,1,0.1308411214953271,0.21428571428571427,0.056,0.6363636363636364,0.2857142857142857,0.043478260869565216,0.0,0.0038461538461538464,0.031446540880503145,0.5,0.8235294117647058,0.21428571428571427,0.11290322580645161,0.0,0.6086956521739131,0.005046863734679163,0.11764705882352941,0.044444444444444446,0.2857142857142857,0.13592233009708737,0.09271523178807947,0.5714285714285714,0.35294117647058826,0.062111801242236024,0.5,0.09395973154362416,0.17777777777777778,0.05019305019305019,0.10071942446043165,0.08695652173913043,0.02102803738317757,0.2857142857142857,0.21428571428571427,0.0,0.21428571428571427,0.10526315789473684,0.35714285714285715,0.42857142857142855,0.42424242424242425,0.7857142857142857,0.2916666666666667,0.2857142857142857,0.0110062893081761,0.42857142857142855,0.0,0.2857142857142857,0.0,0.2777777777777778,0.21428571428571427,0.8571428571428571,0.5,0.5714285714285714,0.34146341463414637,0.42857142857142855,0.056451612903225805,0.21428571428571427,0.0,0.7647058823529411,0.875,0.14285714285714285,0.0,0.21428571428571427,0.07865168539325842,0.8235294117647058,0.013448607108549471,0.16666666666666666,0.056,0.0,0.2857142857142857,0.0,0.35714285714285715,0.6428571428571429,0.6,0.4666666666666667,0.6428571428571429,0.26666666666666666,0.2857142857142857,0.2,0.0472972972972973,0.028037383177570093,0.039735099337748346,0.0,0.28,0.19148936170212766,0.18421052631578946,0.35714285714285715,0.7777777777777778,0.21428571428571427,0.6,0.5,0.0,0.5714285714285714,0.47058823529411764,0.0,0.13333333333333333,0.03067484662576687,0.23809523809523808,0.0,0.0,0.5263157894736842,0.2857142857142857,0.0,0.049019607843137254,0.6666666666666666,0.2857142857142857,0.0,0.21428571428571427,0.016666666666666666,0.5185185185185185,0.1956521739130435,0.1956521739130435,0.023166023166023165,0.21428571428571427,0.42857142857142855,0.0,0.027149321266968326,0.13043478260869565,0.35714285714285715,0.3125,0.5,0.5833333333333334,0.029723991507430998,0.35714285714285715,0.0,0.06086956521739131,0.5714285714285714,0.0038282745419742957,0.7777777777777778,0.0,0.2545454545454545,0.42857142857142855,0.21428571428571427,0.0,0.08333333333333333,0.1875,0.21428571428571427,0.47058823529411764,0.25,0.2857142857142857,0.0,0.0783132530120482,0.0050798258345428155,0.022388059701492536,0.35714285714285715,0.5714285714285714,0.004637297118251077,0.5,0.8571428571428571,0.09482758620689655,0.5714285714285714,0.29411764705882354,0.5,0.10869565217391304,0.5
2017-Purdue-UNAL-IronHack-katherinsb,0.29515418502202645,0.028037383177570093,0.04672897196261682,0.018691588785046728,0.16585365853658537,0.20512820512820512,0.08411214953271028,0.12149532710280374,0.0,0.31862745098039214,0.1308411214953271,1,0.028037383177570093,0.21016949152542372,0.205607476635514,0.037383177570093455,0.11023622047244094,0.0,0.09597523219814241,0.13215859030837004,0.06542056074766354,0.1588785046728972,0.028037383177570093,0.203125,0.0,0.21495327102803738,0.03857245854361932,0.22429906542056074,0.12,0.037383177570093455,0.5107913669064749,0.19444444444444445,0.07476635514018691,0.08411214953271028,0.16299559471365638,0.06542056074766354,0.24271844660194175,0.15873015873015872,0.13003095975232198,0.30158730158730157,0.10852713178294573,0.09730848861283643,0.037383177570093455,0.028037383177570093,0.0,0.028037383177570093,0.25,0.04672897196261682,0.056074766355140186,0.308411214953271,0.102803738317757,0.4485981308411215,0.037383177570093455,0.07231726283048212,0.056074766355140186,0.0,0.037383177570093455,0.0,0.04504504504504504,0.028037383177570093,0.11214953271028037,0.1388888888888889,0.07476635514018691,0.38317757009345793,0.056074766355140186,0.17277486910994763,0.028037383177570093,0.0,0.14953271028037382,0.14953271028037382,0.018691588785046728,0.0,0.028037383177570093,0.2127659574468085,0.1588785046728972,0.09333333333333334,0.02702702702702703,0.1306532663316583,0.0,0.037383177570093455,0.0,0.04672897196261682,0.08411214953271028,0.09345794392523364,0.07476635514018691,0.08411214953271028,0.04672897196261682,0.037383177570093455,0.175,0.14814814814814814,0.0855614973262032,0.1415525114155251,0.0,0.21705426356589147,0.1732283464566929,0.4076923076923077,0.04672897196261682,0.16822429906542055,0.028037383177570093,0.09345794392523364,0.09345794392523364,0.0,0.07476635514018691,0.08256880733944955,0.0,0.028037383177570093,0.14473684210526316,0.07207207207207207,0.0,0.0,0.14018691588785046,0.037383177570093455,0.0,0.16279069767441862,0.19626168224299065,0.037383177570093455,0.0,0.028037383177570093,0.34375,0.2523364485981308,0.14728682170542637,0.14728682170542637,0.10835913312693499,0.028037383177570093,0.056074766355140186,0.0,0.2260536398467433,0.11214953271028037,0.04672897196261682,0.05555555555555555,0.06542056074766354,0.22429906542056074,0.14455445544554454,0.04672897196261682,0.0,0.1950354609929078,0.07476635514018691,0.029258955427946404,0.16822429906542055,0.0,0.2857142857142857,0.056074766355140186,0.028037383177570093,0.0,0.12626262626262627,0.027522935779816515,0.028037383177570093,0.102803738317757,0.056074766355140186,0.037383177570093455,0.0,0.14285714285714285,0.038824383164005806,0.11650485436893204,0.04672897196261682,0.07476635514018691,0.03544219940377608,0.06542056074766354,0.11214953271028037,0.15789473684210525,0.07476635514018691,0.06481481481481481,0.06542056074766354,0.13385826771653545,0.2616822429906542
2017-Purdue-UNAL-IronHack-bdcajicam,0.016042780748663103,1.0,0.6,0.6666666666666666,0.022727272727272728,0.0234375,0.3333333333333333,0.23076923076923078,0.0,0.018518518518518517,0.21428571428571427,0.028037383177570093,1,0.012,0.13636363636363635,0.75,0.05714285714285714,0.0,0.004016064257028112,0.02,0.42857142857142855,0.17647058823529413,1.0,0.024193548387096774,0.0,0.13043478260869565,0.0010814708002883922,0.125,0.058823529411764705,0.75,0.02912621359223301,0.019867549668874173,0.375,0.3333333333333333,0.01910828025477707,0.42857142857142855,0.020134228187919462,0.07692307692307693,0.011627906976744186,0.02158273381294964,0.08333333333333333,0.0070921985815602835,0.75,1.0,0.0,1.0,0.022556390977443608,0.6,0.5,0.09090909090909091,0.2727272727272727,0.0625,0.75,0.0023584905660377358,0.5,0.0,0.75,0.0,0.3333333333333333,1.0,0.25,0.1875,0.375,0.07317073170731707,0.5,0.02564102564102564,1.0,0.0,0.1875,0.1875,0.6666666666666666,0.0,1.0,0.016853932584269662,0.17647058823529413,0.002881844380403458,0.42857142857142855,0.025423728813559324,0.0,0.75,0.0,0.6,0.3333333333333333,0.3,0.375,0.3333333333333333,0.6,0.75,0.08823529411764706,0.02127659574468085,0.03125,0.02097902097902098,0.0,0.06,0.07142857142857142,0.039473684210526314,0.6,0.16666666666666666,1.0,0.3,0.3,0.0,0.375,0.2727272727272727,0.0,0.5,0.01948051948051948,0.25,0.0,0.0,0.2,0.75,0.0,0.03225806451612903,0.14285714285714285,0.75,0.0,1.0,0.01834862385321101,0.1111111111111111,0.07317073170731707,0.07317073170731707,0.01195219123505976,1.0,0.5,0.0,0.014084507042253521,0.25,0.6,0.42857142857142855,0.42857142857142855,0.125,0.006369426751592357,0.6,0.0,0.013043478260869565,0.375,0.0008203445447087777,0.16666666666666666,0.0,0.05454545454545454,0.5,1.0,0.0,0.02586206896551724,0.6,1.0,0.2727272727272727,0.5,0.75,0.0,0.01818181818181818,0.0010885341074020319,0.024390243902439025,0.6,0.375,0.0009937065253395165,0.42857142857142855,0.25,0.02654867256637168,0.375,0.375,0.42857142857142855,0.08108108108108109,0.10714285714285714
2017-Purdue-UNAL-IronHack-xdanielsb,0.6743295019157088,0.012,0.02,0.008,0.5039370078740157,0.5,0.036,0.052,0.0,0.46619217081850534,0.056,0.21016949152542372,0.012,1,0.088,0.016,0.03272727272727273,0.0,0.7256944444444444,0.556420233463035,0.028,0.068,0.012,0.496,0.0,0.092,0.08894490457328053,0.07874015748031496,0.10116731517509728,0.016,0.22569444444444445,0.5912698412698413,0.032,0.036,0.5714285714285714,0.028,0.5229007633587787,0.05474452554744526,0.7700348432055749,0.09887005649717515,0.1349206349206349,0.49223946784922396,0.016,0.012,0.0,0.012,0.532,0.02,0.024,0.132,0.044,0.12030075187969924,0.016,0.19092331768388107,0.024,0.0,0.016,0.0,0.036,0.012,0.048,0.047244094488188976,0.032,0.12355212355212356,0.024,0.4392156862745098,0.012,0.0,0.064,0.064,0.008,0.0,0.012,0.3169230769230769,0.068,0.23659003831417624,0.028,0.44881889763779526,0.0,0.016,0.0,0.02,0.036,0.035856573705179286,0.032,0.036,0.01593625498007968,0.016,0.11811023622047244,0.5515873015873016,0.384,0.5595238095238095,0.0,0.19047619047619047,0.06181818181818182,0.25384615384615383,0.02,0.072,0.012,0.035856573705179286,0.04,0.0,0.032,0.03571428571428571,0.0,0.00796812749003984,0.5478927203065134,0.03557312252964427,0.0,0.0,0.0392156862745098,0.016,0.0,0.15100671140939598,0.084,0.016,0.0,0.012,0.2517482517482518,0.108,0.15476190476190477,0.15476190476190477,0.7456445993031359,0.012,0.024,0.0,0.5433333333333333,0.027450980392156862,0.02,0.02390438247011952,0.028,0.096,0.2898032200357782,0.02,0.0,0.797752808988764,0.032,0.06748633879781421,0.072,0.0,0.11313868613138686,0.024,0.012,0.0,0.4523809523809524,0.02,0.012,0.03571428571428571,0.0199203187250996,0.016,0.0,0.66,0.08952519028633563,0.4801587301587302,0.02,0.032,0.08173395102581073,0.028,0.048,0.452,0.032,0.027888446215139442,0.028,0.04363636363636364,0.10756972111553785
