,email_name,additions,group3_additions,commits_count
0,afguerreroa,2,2,1
1,afguerreroa,23533,23535,2
2,afguerreroa,0,23535,3
3,afguerreroa,24,23559,4
4,afguerreroa,636,24195,5
5,afguerreroa,2,24197,6
6,afguerreroa,798,24995,7
10,mamedellinr,3,3,1
11,mamedellinr,24,27,2
12,mamedellinr,0,27,3
13,mamedellinr,18,45,4
14,mamedellinr,0,45,5
15,mamedellinr,27,72,6
16,mamedellinr,1,73,7
17,mamedellinr,1,74,8
18,mamedellinr,0,74,9
19,mamedellinr,1,75,10
38,juda9323,248,248,1
39,juda9323,238,486,2
40,juda9323,118,604,3
41,juda9323,188,792,4
42,juda9323,10143,10935,5
81,dcnavarreter,65,65,1
82,dcnavarreter,65,130,2
83,dcnavarreter,26,156,3
214,niparrara,336,336,1
215,niparrara,32,368,2
216,niparrara,40908,41276,3
217,niparrara,512,41788,4
218,niparrara,654,42442,5
219,niparrara,412,42854,6
220,niparrara,29,42883,7
269,adorados,7,7,1
270,adorados,25,32,2
271,adorados,8,40,3
272,adorados,0,40,4
273,adorados,311,351,5
274,adorados,0,351,6
275,adorados,116,467,7
276,adorados,1,468,8
277,adorados,0,468,9
278,adorados,87,555,10
279,adorados,5,560,11
280,adorados,0,560,12
281,adorados,1,561,13
282,adorados,26,587,14
283,adorados,46802,47389,15
284,adorados,734,48123,16
285,adorados,119,48242,17
286,adorados,88,48330,18
287,adorados,4,48334,19
288,adorados,130,48464,20
289,adorados,13,48477,21
290,adorados,2,48479,22
291,adorados,60,48539,23
292,adorados,1,48540,24
293,adorados,185,48725,25
294,adorados,6,48731,26
295,adorados,29,48760,27
296,afceballosr,89,89,1
297,afceballosr,212,301,2
298,afceballosr,46,347,3
299,afceballosr,22,369,4
300,afceballosr,170,539,5
301,afceballosr,160,699,6
302,afforeroc,139,139,1
390,capinzonr,0,0,1
391,capinzonr,688,688,2
392,capinzonr,45,733,3
393,capinzonr,5,738,4
394,capinzonr,38,776,5
395,capinzonr,57,833,6
396,capinzonr,9892,10725,7
397,capinzonr,336,11061,8
398,capinzonr,19,11080,9
399,capinzonr,10218,21298,10
400,cccristanchoc,122,122,1
401,cccristanchoc,116,238,2
402,cccristanchoc,53,291,3
403,cccristanchoc,351,642,4
404,cccristanchoc,10164,10806,5
405,cccristanchoc,40,10846,6
471,daafonsecara,117,117,1
472,daafonsecara,3,120,2
473,daafonsecara,28,148,3
474,daafonsecara,52,200,4
475,daafonsecara,1345,1545,5
476,daafonsecara,22,1567,6
477,daafonsecara,101,1668,7
491,dduartec,9461,9461,1
492,dduartec,7,9468,2
493,dduartec,901,10369,3
494,dduartec,347,10716,4
495,dduartec,122,10838,5
496,dduartec,2,10840,6
497,dduartec,9,10849,7
498,dduartec,2,10851,8
499,dduartec,2,10853,9
500,dduartec,38,10891,10
711,jdmonroyg,40,40,1
712,jdmonroyg,69,109,2
713,jdmonroyg,0,109,3
714,jdmonroyg,17,126,4
715,jdmonroyg,50,176,5
716,jdmonroyg,38,214,6
717,jdmonroyg,7,221,7
718,jdmonroyg,2,223,8
719,jdmonroyg,15,238,9
720,jdmonroyg,0,238,10
828,jmalvarezd,23,23,1
829,jmalvarezd,38,61,2
830,jmalvarezd,1,62,3
831,jmalvarezd,11,73,4
832,jmalvarezd,148,221,5
833,jmalvarezd,140,361,6
834,jmalvarezd,13,374,7
835,jmalvarezd,83,457,8
836,jmalvarezd,62,519,9
837,jmalvarezd,56,575,10
838,jmalvarezd,21,596,11
890,jorgesolavila,80,80,1
891,jorgesolavila,10,90,2
892,jorgesolavila,12,102,3
893,jorgesolavila,32,134,4
894,jorgesolavila,53,187,5
895,jorgesolavila,25,212,6
896,jorgesolavila,62,274,7
897,jorgesolavila,7,281,8
898,jorgesolavila,11,292,9
899,jorgesolavila,7,299,10
900,jorgesolavila,1,300,11
901,jorgesolavila,33,333,12
902,jorgesolavila,29,362,13
903,jorgesolavila,3,365,14
904,jorgesolavila,8,373,15
905,jorgesolavila,321,694,16
906,jorgesolavila,101,795,17
907,jorgesolavila,40,835,18
908,jorgesolavila,79,914,19
909,jorgesolavila,14,928,20
910,jorgesolavila,2,930,21
911,jorgesolavila,4,934,22
912,jorgesolavila,11,945,23
913,jscastelblancoh,3,3,1
914,jscastelblancoh,29,32,2
915,jscastelblancoh,0,32,3
916,jscastelblancoh,17,49,4
917,jscastelblancoh,5,54,5
918,jscastelblancoh,7,61,6
919,jscastelblancoh,18,79,7
920,jscastelblancoh,47,126,8
921,jscastelblancoh,0,126,9
922,jscastelblancoh,0,126,10
923,jscastelblancoh,107,233,11
924,jscastelblancoh,32,265,12
925,jscastelblancoh,0,265,13
926,jscastelblancoh,0,265,14
927,jscastelblancoh,377,642,15
928,jscastelblancoh,0,642,16
929,jscastelblancoh,211,853,17
930,jscastelblancoh,104,957,18
931,jscastelblancoh,2,959,19
932,jscastelblancoh,13,972,20
933,jscastelblancoh,1,973,21
934,jscastelblancoh,1,974,22
935,jscastelblancoh,4,978,23
936,jscastelblancoh,61,1039,24
937,jscastelblancoh,0,1039,25
938,jscastelblancoh,1,1040,26
939,jscastelblancoh,5,1045,27
940,jscastelblancoh,6,1051,28
941,jscastelblancoh,1,1052,29
942,jscastelblancoh,0,1052,30
1016,juclopezso,125,125,1
1017,juclopezso,171,296,2
1018,juclopezso,1372,1668,3
1019,juclopezso,14997,16665,4
1038,jgarzonj,44,44,1
1039,jgarzonj,112,156,2
1040,jgarzonj,1,157,3
1041,jgarzonj,3,160,4
1042,jgarzonj,34,194,5
1043,jgarzonj,0,194,6
1044,jgarzonj,649,843,7
1045,jgarzonj,142,985,8
1046,jgarzonj,576,1561,9
1047,jgarzonj,12265,13826,10
1048,jgarzonj,0,13826,11
1049,jgarzonj,0,13826,12
1050,jgarzonj,16,13842,13
1051,jgarzonj,37,13879,14
1052,jgarzonj,255,14134,15
1053,jgarzonj,256,14390,16
1054,jgarzonj,20114,34504,17
1055,jgarzonj,608,35112,18
1056,jgarzonj,124,35236,19
1057,jgarzonj,70,35306,20
1058,jgarzonj,1,35307,21
1059,jgarzonj,192,35499,22
1060,jgarzonj,273,35772,23
1061,jgarzonj,38,35810,24
1062,jgarzonj,129,35939,25
1063,jgarzonj,749,36688,26
1064,jumcorredorro,578,578,1
1065,jumcorredorro,266,844,2
1066,jumcorredorro,1,845,3
1067,jumcorredorro,291,1136,4
1068,jumcorredorro,469,1605,5
1069,jumcorredorro,33,1638,6
1070,jumcorredorro,316,1954,7
1071,jumcorredorro,7,1961,8
1072,jumcorredorro,7,1968,9
1073,jumcorredorro,35,2003,10
1074,jumcorredorro,245,2248,11
1085,saayalac,88,88,1
1086,saayalac,67,155,2
1087,saayalac,12,167,3
1088,saayalac,25876,26043,4
1097,lacardenasv,1,1,1
1098,lacardenasv,1,2,2
1099,lacardenasv,298,300,3
1100,lacardenasv,29,329,4
1101,lacardenasv,52,381,5
1102,lacardenasv,65,446,6
1103,lacardenasv,53,499,7
1104,lacardenasv,24,523,8
1105,lacardenasv,1,524,9
1106,lacardenasv,29,553,10
1107,lacardenasv,82,635,11
1108,lacardenasv,8,643,12
1109,lacardenasv,26,669,13
1110,lacardenasv,137,806,14
1111,lacardenasv,76604,77410,15
1112,lacardenasv,3003,80413,16
1113,lacardenasv,1,80414,17
1114,lacardenasv,5,80419,18
1115,lacardenasv,8,80427,19
1116,lacardenasv,40,80467,20
1117,lacardenasv,167125,247592,21
1118,lacardenasv,16,247608,22
1119,lacardenasv,100,247708,23
1120,lacardenasv,2,247710,24
1121,lacardenasv,2,247712,25
1122,lacardenasv,1,247713,26
1123,lacardenasv,51,247764,27
1124,lacardenasv,7,247771,28
1125,lacardenasv,1,247772,29
1167,lemartinp,4,4,1
1168,lemartinp,144,148,2
1169,lemartinp,139,287,3
1170,lemartinp,2,289,4
1171,lemartinp,74,363,5
1172,lemartinp,85,448,6
1180,lgmoralesa,0,0,1
1181,lgmoralesa,16,16,2
1182,lgmoralesa,140,156,3
1183,lgmoralesa,141,297,4
1184,lgmoralesa,21,318,5
1185,lgmoralesa,56,374,6
1186,lgmoralesa,1834,2208,7
1187,lgmoralesa,118,2326,8
1188,lgmoralesa,20,2346,9
1189,lgmoralesa,157,2503,10
1190,lgmoralesa,13,2516,11
1191,lgmoralesa,0,2516,12
1192,lgmoralesa,0,2516,13
1193,lgmoralesa,0,2516,14
1194,lgmoralesa,84,2600,15
1195,lgmoralesa,338,2938,16
1196,lgmoralesa,10205,13143,17
1197,lgmoralesa,86,13229,18
1210,ltenganah,2,2,1
1211,ltenganah,1,3,2
1212,ltenganah,3,6,3
1213,ltenganah,5,11,4
1214,ltenganah,198,209,5
1215,ltenganah,13,222,6
1216,ltenganah,473,695,7
1217,ltenganah,6,701,8
1218,ltenganah,0,701,9
1219,ltenganah,109,810,10
1220,ltenganah,11,821,11
1221,ltenganah,58,879,12
1222,ltenganah,0,879,13
1223,ltenganah,0,879,14
1224,ltenganah,0,879,15
1225,ltenganah,0,879,16
1226,ltenganah,0,879,17
1227,ltenganah,723,1602,18
1265,macuestapa,7,7,1
1266,macuestapa,6,13,2
1267,macuestapa,62,75,3
1268,macuestapa,15,90,4
1269,macuestapa,252,342,5
1270,macuestapa,0,342,6
1275,migaballengal,1,1,1
1276,migaballengal,28,29,2
1277,migaballengal,50,79,3
1278,migaballengal,128,207,4
1279,migaballengal,1967950,1968157,5
1343,ncampuzano,4,4,1
1344,ncampuzanoa,235,235,1
1345,ncampuzanoa,120,355,2
1346,ncampuzanoa,460,815,3
1347,ncampuzanoa,19,834,4
1348,ncampuzanoa,0,834,5
1349,ncampuzanoa,113,947,6
1350,ncampuzanoa,101,1048,7
1351,ncampuzanoa,9,1057,8
1352,ncampuzanoa,29,1086,9
1353,ncampuzanoa,117,1203,10
1354,ncampuzanoa,36,1239,11
1355,ncampuzanoa,0,1239,12
1356,ncampuzanoa,44,1283,13
1357,ncampuzanoa,202,1485,14
1358,ncampuzanoa,70,1555,15
1359,ncampuzanoa,107,1662,16
1360,ncampuzanoa,7,1669,17
1361,ncampuzanoa,56,1725,18
1362,ncampuzanoa,88,1813,19
1363,ncampuzanoa,67,1880,20
1364,ncampuzanoa,24,1904,21
1365,ncampuzanoa,172,2076,22
1366,ncampuzanoa,28,2104,23
1367,ncampuzanoa,55,2159,24
1368,ncampuzanoa,0,2159,25
1369,ncampuzanoa,1,2160,26
1370,ncampuzanoa,47,2207,27
1371,ncampuzanoa,0,2207,28
1372,ncampuzanoa,0,2207,29
1373,ncampuzano,4,8,2
1374,nfmorenog,1,1,1
1375,nfmorenog,43,44,2
1376,nfmorenog,81,125,3
1377,nfmorenog,126,251,4
1378,nfmorenog,42,293,5
1379,nfmorenog,5,298,6
1380,nfmorenog,70,368,7
1381,nfmorenog,62,430,8
1382,oacastillol,13,13,1
1383,oacastillol,1461,1474,2
1384,oacastillol,50,1524,3
1385,oacastillol,86,1610,4
1386,oacastillol,82,1692,5
1387,oacastillol,265,1957,6
1388,oacastillol,744,2701,7
1389,oacastillol,41,2742,8
1419,ofnanezn,52,52,1
1420,ofnanezn,1,53,2
1421,ofnanezn,28579,28632,3
1456,ronaldsg,24,24,1
1457,ronaldsg,55,79,2
1458,ronaldsg,0,79,3
1459,ronaldsg,54,133,4
1460,ronaldsg,3204,3337,5
1461,ronaldsg,24,3361,6
1462,ronaldsg,16,3377,7
1463,ronaldsg,132,3509,8
1464,ronaldsg,16,3525,9
1465,ronaldsg,874805,878330,10
1466,ronaldsg,96,878426,11
1491,naroik,5,5,1
1492,naroik,878,883,2
1493,naroik,0,883,3
1494,naroik,873,1756,4
1495,naroik,57,1813,5
1496,naroik,27,1840,6
1497,naroik,47,1887,7
1498,smarquezo,371,371,1
1499,smarquezo,253,624,2
1500,smarquezo,65,689,3
1501,smarquezo,74,763,4
1502,smarquezo,51,814,5
1503,spenas,17021,17021,1
1504,spenas,43,17064,2
1505,spenas,131,17195,3
1506,srmedinac,1,1,1
1507,srmedinac,2,3,2
1508,srmedinac,35251,35254,3
1509,srmedinac,4,35258,4
1510,srmedinac,4,35262,5
1511,srmedinac,280,35542,6
1517,wapiravaguens,29,29,1
1518,wapiravaguens,177,206,2
1519,wapiravaguens,225,431,3
1520,wapiravaguens,199,630,4
1521,wapiravaguens,2,632,5
1522,wapiravaguens,183,815,6
1523,wetelleza,15,15,1
1524,wetelleza,34,49,2
1525,wetelleza,4760,4809,3
1526,wetelleza,0,4809,4
