,email_name,additions,group2_additions,commits_count
32,dlsusp,16,16,1
33,dlsusp,1422,1438,2
34,dlsusp,649,2087,3
35,dlsusp,158,2245,4
36,dlsusp,29,2274,5
37,dlsusp,20750,23024,6
43,davsatu313,2,2,1
44,davsatu313,94,96,2
45,davsatu313,413,509,3
46,davsatu313,73,582,4
47,davsatu313,194,776,5
48,davsatu313,25,801,6
49,davsatu313,0,801,7
50,davsatu313,52,853,8
51,davsatu313,1,854,9
52,davsatu313,29,883,10
84,dsgantivac,132,132,1
85,dsgantivac,28,160,2
86,dsgantivac,0,160,3
87,dsgantivac,112,272,4
88,dsgantivac,204,476,5
89,dsgantivac,1,477,6
90,dsgantivac,0,477,7
91,dsgantivac,149,626,8
122,jcflorezv,11,11,1
123,jcflorezv,21,32,2
124,jcflorezv,0,32,3
125,jcflorezv,112918,112950,4
126,jcflorezv,5,112955,5
127,jcflorezv,37,112992,6
128,jcflorezv,156,113148,7
129,jcflorezv,1,113149,8
130,jcflorezv,160009,273158,9
131,jcflorezv,160009,433167,10
132,jcflorezv,8,433175,11
133,jcflorezv,1,433176,12
134,jcflorezv,91,433267,13
135,jcflorezv,105,433372,14
136,jcflorezv,3947,437319,15
137,jcflorezv,1418,438737,16
138,jcflorezv,1276,440013,17
139,jcflorezv,419,440432,18
140,jcflorezv,1709,442141,19
141,jcflorezv,304,442445,20
142,jcflorezv,68,442513,21
143,jcflorezv,10262,452775,22
144,jcflorezv,383,453158,23
145,jcflorezv,5,453163,24
146,jcflorezv,117379,570542,25
147,jcflorezv,4,570546,26
148,jcflorezv,93,570639,27
149,jcflorezv,16,570655,28
150,jcflorezv,1098,571753,29
151,jcflorezv,62,571815,30
152,jcflorezv,28,571843,31
153,jcflorezv,290,572133,32
154,jcflorezv,125,572258,33
155,jcflorezv,88,572346,34
156,jcflorezv,15600,587946,35
157,jcflorezv,24667,612613,36
158,jcflorezv,1519,614132,37
159,jcflorezv,20309,634441,38
160,jcflorezv,16942,651383,39
161,jcflorezv,3855,655238,40
162,jcflorezv,15,655253,41
163,jcflorezv,146,655399,42
164,jcflorezv,77571,732970,43
165,jcflorezv,149,733119,44
166,jcflorezv,58256,791375,45
167,jcflorezv,8,791383,46
168,jcflorezv,10,791393,47
169,jcflorezv,3,791396,48
170,jcflorezv,63,791459,49
197,jucninova,1,1,1
198,jucninova,86,87,2
199,jucninova,35,122,3
200,jucninova,85,207,4
201,jucninova,9677,9884,5
224,esdpename,8,8,1
225,esdpename,81,89,2
243,yatorresm,1,1,1
244,yatorresm,10,11,2
245,yatorresm,3,14,3
246,yatorresm,40,54,4
247,yatorresm,44538,44592,5
248,yatorresm,10159,54751,6
249,yatorresm,602,55353,7
250,yatorresm,58,55411,8
251,yatorresm,1558,56969,9
252,yatorresm,376,57345,10
253,yatorresm,3485,60830,11
254,yatorresm,53179,114009,12
255,yatorresm,168,114177,13
256,yatorresm,3839,118016,14
257,yatorresm,9431,127447,15
258,yatorresm,7,127454,16
259,yatorresm,1202916,1330370,17
344,bdvegat,4,4,1
345,bdvegat,52,56,2
346,bdvegat,80,136,3
347,begarzonf,220,220,1
348,begarzonf,4979,5199,2
349,begarzonf,63,5262,3
406,ccvacad,205,205,1
407,ccvacad,543,748,2
412,clochoac,191,191,1
413,clochoac,427,618,2
414,clochoac,3,621,3
415,clochoac,2386,3007,4
416,clochoac,787,3794,5
417,clochoac,0,3794,6
418,clochoac,316,4110,7
419,clochoac,214,4324,8
420,clochoac,869,5193,9
421,clochoac,6,5199,10
422,clochoac,401,5600,11
423,clochoac,244,5844,12
424,clochoac,153,5997,13
425,clochoac,8,6005,14
426,clochoac,26,6031,15
427,clochoac,91,6122,16
428,clochoac,775,6897,17
429,clochoac,329,7226,18
430,clochoac,42,7268,19
431,clochoac,298,7566,20
432,clochoac,293,7859,21
433,clochoac,46,7905,22
434,clochoac,3,7908,23
435,clochoac,4,7912,24
436,clochoac,58,7970,25
437,clochoac,3,7973,26
438,clochoac,171,8144,27
480,dfricoh,0,0,1
481,dfricoh,0,0,2
482,dfricoh,86,86,3
483,dfricoh,43,129,4
484,dfricoh,258,387,5
485,dfricoh,8,395,6
486,dfricoh,1,396,7
487,dfricoh,10484,10880,8
488,dfricoh,0,10880,9
489,dfricoh,16,10896,10
490,dfricoh,1,10897,11
501,debeltranc,239,239,1
502,debeltranc,54,293,2
503,debeltranc,25,318,3
504,debeltranc,20,338,4
505,debeltranc,1,339,5
506,debeltranc,102,441,6
507,debeltranc,9,450,7
508,debeltranc,51,501,8
509,debeltranc,5,506,9
510,debeltranc,6,512,10
511,debeltranc,20,532,11
512,debeltranc,1,533,12
513,debeltranc,52,585,13
514,debeltranc,53,638,14
515,debeltranc,1,639,15
516,debeltranc,27,666,16
517,debeltranc,1,667,17
518,debeltranc,2,669,18
519,debeltranc,3,672,19
520,debeltranc,111,783,20
531,diacruzmo,162,162,1
532,diacruzmo,175,337,2
533,diacruzmo,131,468,3
556,ofriveram,2,2,1
557,ofriveram,186,188,2
558,ofriveram,2,190,3
559,ofriveram,287,477,4
560,ofriveram,642,1119,5
561,ofriveram,1,1120,6
562,ofriveram,3,1123,7
563,ofriveram,11,1134,8
564,ofriveram,191,1325,9
565,ofriveram,9,1334,10
566,ofriveram,216,1550,11
567,ofriveram,59,1609,12
568,ofriveram,179,1788,13
696,idrojasf,26,26,1
697,idrojasf,2,28,2
698,idrojasf,5,33,3
699,idrojasf,3407,3440,4
765,jasedanod,179,179,1
766,jasedanod,3,182,2
767,jasedanod,137,319,3
768,jasedanod,0,319,4
769,jasedanod,0,319,5
770,jasedanod,1,320,6
771,jasedanod,34,354,7
772,jhriverasa,2,2,1
773,jhriverasa,1,3,2
774,jhriverasa,9,12,3
775,jhriverasa,5,17,4
776,jhriverasa,0,17,5
777,jhriverasa,1844,1861,6
778,jhriverasa,0,1861,7
779,jhriverasa,1,1862,8
780,jhriverasa,8,1870,9
781,jhriverasa,3,1873,10
782,jhriverasa,0,1873,11
783,jhriverasa,1826,3699,12
784,jhriverasa,1,3700,13
785,jhriverasa,0,3700,14
786,jhriverasa,36,3736,15
787,jhriverasa,1,3737,16
788,jhriverasa,1,3738,17
789,jhriverasa,3,3741,18
790,jhriverasa,0,3741,19
791,jhriverasa,520,4261,20
792,jhriverasa,807,5068,21
793,jhriverasa,13,5081,22
794,jhriverasa,0,5081,23
795,jhriverasa,938,6019,24
796,jhriverasa,1,6020,25
797,jhriverasa,41,6061,26
798,jhriverasa,176,6237,27
799,jhriverasa,1,6238,28
800,jhriverasa,2,6240,29
801,jhriverasa,1,6241,30
802,jhriverasa,1,6242,31
813,jjmuesesq,385,385,1
814,jjmuesesq,178,563,2
815,jjmuesesq,94,657,3
816,jjmuesesq,71,728,4
817,jjmuesesq,45,773,5
818,jjmuesesq,45,818,6
819,jjmuesesq,4,822,7
820,jjmuesesq,1,823,8
821,jjmuesesq,5,828,9
860,joaortizro,70,70,1
861,joaortizro,83,153,2
862,joaortizro,71,224,3
863,joaortizro,10,234,4
864,joaortizro,21,255,5
943,jscontrerasp,3,3,1
944,jscontrerasp,173,176,2
945,jscontrerasp,130,306,3
946,jscontrerasp,8,314,4
947,jscontrerasp,1285,1599,5
948,jscontrerasp,24,1623,6
949,jscontrerasp,193,1816,7
1001,juasmartinezbel,6,6,1
1002,juasmartinezbel,424,430,2
1003,juasmartinezbel,337,767,3
1004,juasmartinezbel,155,922,4
1005,juasmartinezbel,38,960,5
1006,juasmartinezbel,215,1175,6
1007,juasmartinezbel,68,1243,7
1008,juasmartinezbel,185,1428,8
1009,juasmartinezbel,118,1546,9
1010,jucjimenezmo,26,26,1
1011,jucjimenezmo,16,42,2
1012,jucjimenezmo,209,251,3
1013,jucjimenezmo,399,650,4
1014,jucjimenezmo,14,664,5
1015,jucjimenezmo,3,667,6
1075,jusherrerama,16700,16700,1
1076,jusherrerama,13,16713,2
1077,jusherrerama,15137,31850,3
1078,kancas.gia,70,70,1
1079,keacastroga,1,1,1
1080,kancas.gia,87,157,2
1081,kancas.gia,0,157,3
1082,kancas.gia,2,159,4
1089,kmendezp,6,6,1
1090,kmendezp,3,9,2
1091,kmendezp,16865,16874,3
1092,kmendezp,4041,20915,4
1093,kmendezp,86,21001,5
1094,kmendezp,48,21049,6
1095,kmendezp,13650,34699,7
1096,kmendezp,34,34733,8
1146,leguzmana,1,1,1
1147,leguzmana,0,1,2
1148,leguzmana,5,6,3
1149,leguzmana,266,272,4
1150,leguzmana,1,273,5
1151,leguzmana,2,275,6
1152,leguzmana,48,323,7
1153,leguzmana,2023,2346,8
1154,leguzmana,396,2742,9
1155,leguzmana,12,2754,10
1156,leguzmana,0,2754,11
1157,leguzmana,272,3026,12
1158,leguzmana,1,3027,13
1159,leguzmana,7,3034,14
1160,leguzmana,2,3036,15
1161,leguzmana,6,3042,16
1162,leguzmana,2,3044,17
1163,leguzmana,61,3105,18
1164,leguzmana,10,3115,19
1165,leguzmana,0,3115,20
1166,leguzmana,178,3293,21
1198,lgbricenoa,3,3,1
1199,lgbricenoa,18821,18824,2
1200,lgbricenoa,578,19402,3
1201,lgbricenoa,34,19436,4
1202,lgbricenoa,10,19446,5
1203,lgbricenoa,76,19522,6
1204,lgbricenoa,3,19525,7
1205,lgbricenoa,16698,36223,8
1206,lgbricenoa,10,36233,9
1207,lgbricenoa,148,36381,10
1208,lgbricenoa,40,36421,11
1209,lgbricenoa,219,36640,12
1228,lbsantosg,1,1,1
1229,lbsantosg,4,5,2
1230,lbsantosg,24,29,3
1231,lbsantosg,0,29,4
1232,lbsantosg,59,88,5
1233,lbsantosg,61,149,6
1234,lbsantosg,32,181,7
1235,lbsantosg,23,204,8
1236,lbsantosg,71,275,9
1237,lbsantosg,64110,64385,10
1238,lsfinite,1,1,1
1239,lbsantosg,31,64416,11
1240,lsfinite,0,1,2
1241,lbsantosg,2,64418,12
1242,lbsantosg,210,64628,13
1243,lbsantosg,0,64628,14
1244,lbsantosg,38,64666,15
1245,lbsantosg,46,64712,16
1246,lbsantosg,32,64744,17
1247,lbsantosg,5,64749,18
1248,luealfonsoru,29,29,1
1249,luealfonsoru,72,101,2
1250,luealfonsoru,8,109,3
1251,luealfonsoru,13,122,4
1252,luealfonsoru,2,124,5
1253,luealfonsoru,57,181,6
1254,luealfonsoru,4,185,7
1255,luealfonsoru,37,222,8
1256,luealfonsoru,59,281,9
1257,luealfonsoru,1779,2060,10
1258,luealfonsoru,228,2288,11
1259,luealfonsoru,16,2304,12
1260,luealfonsoru,16,2320,13
1261,luealfonsoru,27503,29823,14
1262,luegilca,37,37,1
1263,luegilca,40,77,2
1264,luegilca,9496,9573,3
1280,mdbelloc,2,2,1
1281,mdbelloc,10,12,2
1282,mdbelloc,206,218,3
1283,mdbelloc,18,236,4
1284,mdbelloc,11,247,5
1422,oserasoa,217,217,1
1423,oserasoa,55,272,2
1424,oserasoa,45,317,3
1425,oserasoa,41,358,4
1426,oserasoa,103,461,5
1442,raaramirezpe,22,22,1
1443,raaramirezpe,148,170,2
1444,raaramirezpe,610,780,3
1445,raaramirezpe,4,784,4
1446,raaramirezpe,21,805,5
1447,raaramirezpe,70,875,6
1448,raaramirezpe,552,1427,7
1449,raaramirezpe,154374,155801,8
1450,raaramirezpe,80,155881,9
1451,raaramirezpe,5,155886,10
1452,raaramirezpe,317,156203,11
1453,raaramirezpe,73,156276,12
1454,raaramirezpe,9080,165356,13
1455,raaramirezpe,111,165467,14
1486,sagilm,103,103,1
1487,sagilm,13,116,2
1488,sagilm,52,168,3
1489,sagilm,494,662,4
1490,sagilm,30,692,5
1540,dfsantosbu,5,5,1
1541,dfsantosbu,5,10,2
1542,dfsantosbu,10,20,3
1543,dfsantosbu,11,31,4
1544,dfsantosbu,37,68,5
1545,dfsantosbu,89,157,6
1546,dfsantosbu,63,220,7
1547,dfsantosbu,14,234,8
1548,dfsantosbu,3,237,9
1549,dfsantosbu,3,240,10
1550,dfsantosbu,1,241,11
1551,dfsantosbu,3,244,12
1552,dfsantosbu,3,247,13
1553,dfsantosbu,1,248,14
1554,dfsantosbu,24,272,15
1555,dfsantosbu,143,415,16
1556,dfsantosbu,63,478,17
1557,dfsantosbu,11,489,18
1558,dfsantosbu,22,511,19
1559,dfsantosbu,26,537,20
1560,dfsantosbu,3,540,21
1561,dfsantosbu,67,607,22
1562,dfsantosbu,213,820,23
1563,dfsantosbu,40,860,24
1564,dfsantosbu,6,866,25
1565,dfsantosbu,227,1093,26
1566,dfsantosbu,13,1106,27
1567,dfsantosbu,7,1113,28
1568,dfsantosbu,22,1135,29
1569,dfsantosbu,8,1143,30
1570,dfsantosbu,45,1188,31
1571,ykchautai,66,66,1
1572,ykchautai,35,101,2
1573,ykchautai,2,103,3
1574,ykchautai,50,153,4
1575,ykchautai,106,259,5
1576,ykchautai,46,305,6
1577,ykchautai,101,406,7
