,mnguzmanc,fffeelipe,jmcuestasb,katherinsb,jjrodriguezn,DglyP,cap182,top2,sacastroc,pcberriop,hsmartineza,top4,CamiloRueda,juanescai,JoseMolano,maikellPardoA,NicolasZon,camilo654,CristianLozano,jdsuarezj,pipemax85,juandavidro,UNhcrodriguezl,camilo13152,leavendanoro,cdcordobaa,capinillab,janoguerab,top1,top3,gabi04,bottom1,bottom3,bottom2,fmbernalb,MogGy94,yocuervoc,bottom4
mnguzmanc,0.0,0.0,0.021333333333333333,0.012012012012012012,0.03614457831325301,0.017385705086928525,0.0,0.04956268221574344,0.05585106382978723,0.0681198910081744,0.07977207977207977,0.03664921465968586,0.011142061281337047,0.0,0.05491329479768786,0.0,0.025,0.02976190476190476,0.009375,0.07605633802816901,0.05521472392638037,0.034375,0.060209424083769635,0.05774278215223097,0.028409090909090908,0.029585798816568046,0.05405405405405406,0.020289855072463767,0.07692307692307693,0.0825242718446602,0.059490084985835696,0.0,0.0,0.0,0.0,0.0,0.0,0.024657534246575342
fffeelipe,0.0,0.0,0.0,0.0,0.0,0.0,1.0,0.0,0.0,0.0,0.0,0.0,0.0,1.0,0.0,1.0,0.0,0.0,0.0,0.0,0.0,0.0,0.0,0.0,0.0,0.0,0.0,0.0,0.0,0.0,0.0,1.0,1.0,1.0,1.0,1.0,1.0,0.0
jmcuestasb,0.021333333333333333,0.0,0.0,0.060240963855421686,0.04395604395604396,0.006221914967162115,0.0,0.04716981132075472,0.08029197080291971,0.043795620437956206,0.04838709677419355,0.05,0.02702702702702703,0.0,0.05454545454545454,0.0,0.039473684210526314,0.05434782608695652,0.04225352112676056,0.047244094488188976,0.07954545454545454,0.09333333333333334,0.04,0.04054054054054054,0.08653846153846154,0.042105263157894736,0.07368421052631578,0.061855670103092786,0.05737704918032787,0.06486486486486487,0.06837606837606838,0.0,0.0,0.0,0.0,0.0,0.0,0.06837606837606838
katherinsb,0.012012012012012012,0.0,0.060240963855421686,0.0,0.0038977912516240795,0.037171717171717175,0.0,0.0034393809114359416,0.009365687526607066,0.004244482173174873,0.005555555555555556,0.008081667375584857,0.0034349506225848005,0.0,0.006021505376344086,0.0,0.002613240418118467,0.004329004329004329,0.0013077593722755014,0.007268063274903805,0.0038977912516240795,0.001738374619730552,0.0071972904318374255,0.006776789495976281,0.007330746011211729,0.0038910505836575876,0.005622837370242215,0.005185825410544511,0.007280513918629551,0.012128816394813885,0.005136986301369863,0.0,0.0,0.0,0.0,0.0,0.0,0.003847798204360838
jjrodriguezn,0.03614457831325301,0.0,0.04395604395604396,0.0038977912516240795,0.0,0.005244755244755245,0.0,0.07142857142857142,0.05660377358490566,0.13829787234042554,0.36231884057971014,0.04716981132075472,0.04,0.0,0.42857142857142855,0.0,0.10256410256410256,0.08928571428571429,0.08571428571428572,0.18292682926829268,0.20408163265306123,0.2777777777777778,0.25,0.24210526315789474,0.04054054054054054,0.10526315789473684,0.24528301886792453,0.046875,0.1625,0.1103448275862069,0.08536585365853659,0.0,0.0,0.0,0.0,0.0,0.0,0.03488372093023256
DglyP,0.017385705086928525,0.0,0.006221914967162115,0.037171717171717175,0.005244755244755245,0.0,0.0,0.0038346825734980826,0.010130856901646263,0.008445945945945946,0.007636826474331778,0.006310475389145982,0.0021240441801189465,0.0,0.008112724167378309,0.0,0.0017241379310344827,0.0038576939562794685,0.0012953367875647669,0.010195412064570943,0.007751937984496124,0.004749568221070812,0.009671993271656855,0.007559848803023939,0.007692307692307693,0.005577005577005577,0.007728638900815801,0.006429489927132447,0.008496176720475786,0.015806988352745424,0.005942275042444821,0.0,0.0,0.0,0.0,0.0,0.0,0.005089058524173028
cap182,0.0,1.0,0.0,0.0,0.0,0.0,0.0,0.0,0.0,0.0,0.0,0.0,0.0,1.0,0.0,1.0,0.0,0.0,0.0,0.0,0.0,0.0,0.0,0.0,0.0,0.0,0.0,0.0,0.0,0.0,0.0,1.0,1.0,1.0,1.0,1.0,1.0,0.0
top2,0.04956268221574344,0.0,0.04716981132075472,0.0034393809114359416,0.07142857142857142,0.0038346825734980826,0.0,0.0,0.104,0.22018348623853212,0.09090909090909091,0.0703125,0.0297029702970297,0.0,0.08163265306122448,0.0,0.11290322580645161,0.27941176470588236,0.04918032786885246,0.07894736842105263,0.0759493670886076,0.058823529411764705,0.08148148148148149,0.06666666666666667,0.05102040816326531,0.07228915662650602,0.12195121951219512,0.056818181818181816,0.11214953271028037,0.07471264367816093,0.15,0.0,0.0,0.0,0.0,0.0,0.0,0.045454545454545456
sacastroc,0.05585106382978723,0.0,0.08029197080291971,0.009365687526607066,0.05660377358490566,0.010130856901646263,0.0,0.104,0.0,0.08333333333333333,0.05925925925925926,0.1111111111111111,0.024193548387096774,0.0,0.11206896551724138,0.0,0.09523809523809523,0.0891089108910891,0.03571428571428571,0.09774436090225563,0.125,0.05555555555555555,0.12666666666666668,0.11333333333333333,0.13513513513513514,0.06666666666666667,0.13861386138613863,0.09433962264150944,0.109375,0.10526315789473684,0.08661417322834646,0.0,0.0,0.0,0.0,0.0,0.0,0.06153846153846154
pcberriop,0.0681198910081744,0.0,0.043795620437956206,0.004244482173174873,0.13829787234042554,0.008445945945945946,0.0,0.22018348623853212,0.08333333333333333,0.0,0.11643835616438356,0.13924050632911392,0.027972027972027972,0.0,0.12878787878787878,0.0,0.06666666666666667,0.18181818181818182,0.028846153846153848,0.1773049645390071,0.13274336283185842,0.10576923076923077,0.14545454545454545,0.1910828025477707,0.03546099290780142,0.056,0.17391304347826086,0.046153846153846156,0.1095890410958904,0.14427860696517414,0.0896551724137931,0.0,0.0,0.0,0.0,0.0,0.0,0.05333333333333334
hsmartineza,0.07977207977207977,0.0,0.04838709677419355,0.005555555555555556,0.36231884057971014,0.007636826474331778,0.0,0.09090909090909091,0.05925925925925926,0.11643835616438356,0.0,0.050359712230215826,0.02727272727272727,0.0,0.2777777777777778,0.0,0.0684931506849315,0.06666666666666667,0.04285714285714286,0.21100917431192662,0.175,0.14084507042253522,0.23015873015873015,0.23387096774193547,0.037037037037037035,0.08888888888888889,0.18823529411764706,0.030303030303030304,0.19626168224299065,0.1329479768786127,0.0782608695652174,0.0,0.0,0.0,0.0,0.0,0.0,0.04201680672268908
top4,0.03664921465968586,0.0,0.05,0.008081667375584857,0.04716981132075472,0.006310475389145982,0.0,0.0703125,0.1111111111111111,0.13924050632911392,0.050359712230215826,0.0,0.03007518796992481,0.0,0.06923076923076923,0.0,0.07368421052631578,0.09090909090909091,0.031914893617021274,0.10638297872340426,0.06306306306306306,0.05,0.0783132530120482,0.09259259259259259,0.05426356589147287,0.06086956521739131,0.10619469026548672,0.058823529411764705,0.06293706293706294,0.06796116504854369,0.04964539007092199,0.0,0.0,0.0,0.0,0.0,0.0,0.03496503496503497
CamiloRueda,0.011142061281337047,0.0,0.02702702702702703,0.0034349506225848005,0.04,0.0021240441801189465,0.0,0.0297029702970297,0.024193548387096774,0.027972027972027972,0.02727272727272727,0.03007518796992481,0.0,0.0,0.03225806451612903,0.0,0.05357142857142857,0.04054054054054054,0.058823529411764705,0.03669724770642202,0.0273972602739726,0.05084745762711865,0.022556390977443608,0.022900763358778626,0.03333333333333333,0.039473684210526314,0.0379746835443038,0.0375,0.05825242718446602,0.023121387283236993,0.029411764705882353,0.0,0.0,0.0,0.0,0.0,0.0,0.039603960396039604
juanescai,0.0,1.0,0.0,0.0,0.0,0.0,1.0,0.0,0.0,0.0,0.0,0.0,0.0,0.0,0.0,1.0,0.0,0.0,0.0,0.0,0.0,0.0,0.0,0.0,0.0,0.0,0.0,0.0,0.0,0.0,0.0,1.0,1.0,1.0,1.0,1.0,1.0,0.0
JoseMolano,0.05491329479768786,0.0,0.05454545454545454,0.006021505376344086,0.42857142857142855,0.008112724167378309,0.0,0.08163265306122448,0.11206896551724138,0.12878787878787878,0.2777777777777778,0.06923076923076923,0.03225806451612903,0.0,0.0,0.0,0.08928571428571429,0.0821917808219178,0.05660377358490566,0.2777777777777778,0.3050847457627119,0.20754716981132076,0.40816326530612246,0.4020618556701031,0.06741573033707865,0.0945945945945946,0.423728813559322,0.036585365853658534,0.18085106382978725,0.14012738853503184,0.09183673469387756,0.0,0.0,0.0,0.0,0.0,0.0,0.0594059405940594
maikellPardoA,0.0,1.0,0.0,0.0,0.0,0.0,1.0,0.0,0.0,0.0,0.0,0.0,0.0,1.0,0.0,0.0,0.0,0.0,0.0,0.0,0.0,0.0,0.0,0.0,0.0,0.0,0.0,0.0,0.0,0.0,0.0,1.0,1.0,1.0,1.0,1.0,1.0,0.0
NicolasZon,0.025,0.0,0.039473684210526314,0.002613240418118467,0.10256410256410256,0.0017241379310344827,0.0,0.11290322580645161,0.09523809523809523,0.06666666666666667,0.0684931506849315,0.07368421052631578,0.05357142857142857,0.0,0.08928571428571429,0.0,0.0,0.13513513513513514,0.1875,0.09859154929577464,0.08108108108108109,0.125,0.09782608695652174,0.07608695652173914,0.05454545454545454,0.1282051282051282,0.14634146341463414,0.11627906976744186,0.05714285714285714,0.04411764705882353,0.12903225806451613,0.0,0.0,0.0,0.0,0.0,0.0,0.04477611940298507
camilo654,0.02976190476190476,0.0,0.05434782608695652,0.004329004329004329,0.08928571428571429,0.0038576939562794685,0.0,0.27941176470588236,0.0891089108910891,0.18181818181818182,0.06666666666666667,0.09090909090909091,0.04054054054054054,0.0,0.0821917808219178,0.0,0.13513513513513514,0.0,0.08823529411764706,0.09090909090909091,0.13725490196078433,0.0975609756097561,0.08181818181818182,0.06363636363636363,0.07042253521126761,0.12727272727272726,0.14035087719298245,0.1,0.06976744186046512,0.06666666666666667,0.08641975308641975,0.0,0.0,0.0,0.0,0.0,0.0,0.08641975308641975
CristianLozano,0.009375,0.0,0.04225352112676056,0.0013077593722755014,0.08571428571428572,0.0012953367875647669,0.0,0.04918032786885246,0.03571428571428571,0.028846153846153848,0.04285714285714286,0.031914893617021274,0.058823529411764705,0.0,0.05660377358490566,0.0,0.1875,0.08823529411764706,0.0,0.04285714285714286,0.06060606060606061,0.15789473684210525,0.03225806451612903,0.03296703296703297,0.06,0.08333333333333333,0.07692307692307693,0.075,0.045454545454545456,0.022388059701492536,0.04838709677419355,0.0,0.0,0.0,0.0,0.0,0.0,0.04838709677419355
jdsuarezj,0.07605633802816901,0.0,0.047244094488188976,0.007268063274903805,0.18292682926829268,0.010195412064570943,0.0,0.07894736842105263,0.09774436090225563,0.1773049645390071,0.21100917431192662,0.10638297872340426,0.03669724770642202,0.0,0.2777777777777778,0.0,0.09859154929577464,0.09090909090909091,0.04285714285714286,0.0,0.189873417721519,0.14084507042253522,0.25,0.21428571428571427,0.04672897196261682,0.08888888888888889,0.3116883116883117,0.0625,0.16363636363636364,0.1329479768786127,0.10714285714285714,0.0,0.0,0.0,0.0,0.0,0.0,0.04201680672268908
pipemax85,0.05521472392638037,0.0,0.07954545454545454,0.0038977912516240795,0.20408163265306123,0.007751937984496124,0.0,0.0759493670886076,0.125,0.13274336283185842,0.175,0.06306306306306306,0.0273972602739726,0.0,0.3050847457627119,0.0,0.08108108108108109,0.13725490196078433,0.06060606060606061,0.189873417721519,0.0,0.2647058823529412,0.20618556701030927,0.15,0.08823529411764706,0.15384615384615385,0.2857142857142857,0.12280701754385964,0.15384615384615385,0.12857142857142856,0.08860759493670886,0.0,0.0,0.0,0.0,0.0,0.0,0.075
juandavidro,0.034375,0.0,0.09333333333333334,0.001738374619730552,0.2777777777777778,0.004749568221070812,0.0,0.058823529411764705,0.05555555555555555,0.10576923076923077,0.14084507042253522,0.05,0.05084745762711865,0.0,0.20754716981132076,0.0,0.125,0.0975609756097561,0.15789473684210525,0.14084507042253522,0.2647058823529412,0.0,0.11827956989247312,0.10869565217391304,0.08928571428571429,0.09302325581395349,0.3157894736842105,0.0625,0.16666666666666666,0.08208955223880597,0.10606060606060606,0.0,0.0,0.0,0.0,0.0,0.0,0.057971014492753624
UNhcrodriguezl,0.060209424083769635,0.0,0.04,0.0071972904318374255,0.25,0.009671993271656855,0.0,0.08148148148148149,0.12666666666666668,0.14545454545454545,0.23015873015873015,0.0783132530120482,0.022556390977443608,0.0,0.40816326530612246,0.0,0.09782608695652174,0.08181818181818182,0.03225806451612903,0.25,0.20618556701030927,0.11827956989247312,0.0,0.3435114503816794,0.0546875,0.14150943396226415,0.30526315789473685,0.05042016806722689,0.13533834586466165,0.140625,0.10526315789473684,0.0,0.0,0.0,0.0,0.0,0.0,0.05755395683453238
camilo13152,0.05774278215223097,0.0,0.04054054054054054,0.006776789495976281,0.24210526315789474,0.007559848803023939,0.0,0.06666666666666667,0.11333333333333333,0.1910828025477707,0.23387096774193547,0.09259259259259259,0.022900763358778626,0.0,0.4020618556701031,0.0,0.07608695652173914,0.06363636363636363,0.03296703296703297,0.21428571428571427,0.15,0.10869565217391304,0.3435114503816794,0.0,0.05555555555555555,0.05309734513274336,0.25773195876288657,0.0603448275862069,0.12030075187969924,0.11855670103092783,0.09848484848484848,0.0,0.0,0.0,0.0,0.0,0.0,0.03571428571428571
leavendanoro,0.028409090909090908,0.0,0.08653846153846154,0.007330746011211729,0.04054054054054054,0.007692307692307693,0.0,0.05102040816326531,0.13513513513513514,0.03546099290780142,0.037037037037037035,0.05426356589147287,0.03333333333333333,0.0,0.06741573033707865,0.0,0.05454545454545454,0.07042253521126761,0.06,0.04672897196261682,0.08823529411764706,0.08928571428571429,0.0546875,0.05555555555555555,0.0,0.04,0.06578947368421052,0.10810810810810811,0.08,0.05389221556886228,0.050505050505050504,0.0,0.0,0.0,0.0,0.0,0.0,0.04
cdcordobaa,0.029585798816568046,0.0,0.042105263157894736,0.0038910505836575876,0.10526315789473684,0.005577005577005577,0.0,0.07228915662650602,0.06666666666666667,0.056,0.08888888888888889,0.06086956521739131,0.039473684210526314,0.0,0.0945945945945946,0.0,0.1282051282051282,0.12727272727272726,0.08333333333333333,0.08888888888888889,0.15384615384615385,0.09302325581395349,0.14150943396226415,0.05309734513274336,0.04,0.0,0.09836065573770492,0.0625,0.09302325581395349,0.058823529411764705,0.058823529411764705,0.0,0.0,0.0,0.0,0.0,0.0,0.058823529411764705
capinillab,0.05405405405405406,0.0,0.07368421052631578,0.005622837370242215,0.24528301886792453,0.007728638900815801,0.0,0.12195121951219512,0.13861386138613863,0.17391304347826086,0.18823529411764706,0.10619469026548672,0.0379746835443038,0.0,0.423728813559322,0.0,0.14634146341463414,0.14035087719298245,0.07692307692307693,0.3116883116883117,0.2857142857142857,0.3157894736842105,0.30526315789473685,0.25773195876288657,0.06578947368421052,0.09836065573770492,0.0,0.06578947368421052,0.08080808080808081,0.10759493670886076,0.07291666666666667,0.0,0.0,0.0,0.0,0.0,0.0,0.07291666666666667
janoguerab,0.020289855072463767,0.0,0.061855670103092786,0.005185825410544511,0.046875,0.006429489927132447,0.0,0.056818181818181816,0.09433962264150944,0.046153846153846156,0.030303030303030304,0.058823529411764705,0.0375,0.0,0.036585365853658534,0.0,0.11627906976744186,0.1,0.075,0.0625,0.12280701754385964,0.0625,0.05042016806722689,0.0603448275862069,0.10810810810810811,0.0625,0.06578947368421052,0.0,0.06521739130434782,0.0440251572327044,0.06818181818181818,0.0,0.0,0.0,0.0,0.0,0.0,0.03296703296703297
top1,0.07692307692307693,0.0,0.05737704918032787,0.007280513918629551,0.1625,0.008496176720475786,0.0,0.11214953271028037,0.109375,0.1095890410958904,0.19626168224299065,0.06293706293706294,0.05825242718446602,0.0,0.18085106382978725,0.0,0.05714285714285714,0.06976744186046512,0.045454545454545456,0.16363636363636364,0.15384615384615385,0.16666666666666666,0.13533834586466165,0.12030075187969924,0.08,0.09302325581395349,0.08080808080808081,0.06521739130434782,0.0,0.10982658959537572,0.10091743119266056,0.0,0.0,0.0,0.0,0.0,0.0,0.05263157894736842
top3,0.0825242718446602,0.0,0.06486486486486487,0.012128816394813885,0.1103448275862069,0.015806988352745424,0.0,0.07471264367816093,0.10526315789473684,0.14427860696517414,0.1329479768786127,0.06796116504854369,0.023121387283236993,0.0,0.14012738853503184,0.0,0.04411764705882353,0.06666666666666667,0.022388059701492536,0.1329479768786127,0.12857142857142856,0.08208955223880597,0.140625,0.11855670103092783,0.05389221556886228,0.058823529411764705,0.10759493670886076,0.0440251572327044,0.10982658959537572,0.0,0.08620689655172414,0.0,0.0,0.0,0.0,0.0,0.0,0.09883720930232558
gabi04,0.059490084985835696,0.0,0.06837606837606838,0.005136986301369863,0.08536585365853659,0.005942275042444821,0.0,0.15,0.08661417322834646,0.0896551724137931,0.0782608695652174,0.04964539007092199,0.029411764705882353,0.0,0.09183673469387756,0.0,0.12903225806451613,0.08641975308641975,0.04838709677419355,0.10714285714285714,0.08860759493670886,0.10606060606060606,0.10526315789473684,0.09848484848484848,0.050505050505050504,0.058823529411764705,0.07291666666666667,0.06818181818181818,0.10091743119266056,0.08620689655172414,0.0,0.0,0.0,0.0,0.0,0.0,0.0,0.05384615384615385
bottom1,0.0,1.0,0.0,0.0,0.0,0.0,1.0,0.0,0.0,0.0,0.0,0.0,0.0,1.0,0.0,1.0,0.0,0.0,0.0,0.0,0.0,0.0,0.0,0.0,0.0,0.0,0.0,0.0,0.0,0.0,0.0,0.0,1.0,1.0,1.0,1.0,1.0,0.0
bottom3,0.0,1.0,0.0,0.0,0.0,0.0,1.0,0.0,0.0,0.0,0.0,0.0,0.0,1.0,0.0,1.0,0.0,0.0,0.0,0.0,0.0,0.0,0.0,0.0,0.0,0.0,0.0,0.0,0.0,0.0,0.0,1.0,0.0,1.0,1.0,1.0,1.0,0.0
bottom2,0.0,1.0,0.0,0.0,0.0,0.0,1.0,0.0,0.0,0.0,0.0,0.0,0.0,1.0,0.0,1.0,0.0,0.0,0.0,0.0,0.0,0.0,0.0,0.0,0.0,0.0,0.0,0.0,0.0,0.0,0.0,1.0,1.0,0.0,1.0,1.0,1.0,0.0
fmbernalb,0.0,1.0,0.0,0.0,0.0,0.0,1.0,0.0,0.0,0.0,0.0,0.0,0.0,1.0,0.0,1.0,0.0,0.0,0.0,0.0,0.0,0.0,0.0,0.0,0.0,0.0,0.0,0.0,0.0,0.0,0.0,1.0,1.0,1.0,0.0,1.0,1.0,0.0
MogGy94,0.0,1.0,0.0,0.0,0.0,0.0,1.0,0.0,0.0,0.0,0.0,0.0,0.0,1.0,0.0,1.0,0.0,0.0,0.0,0.0,0.0,0.0,0.0,0.0,0.0,0.0,0.0,0.0,0.0,0.0,0.0,1.0,1.0,1.0,1.0,0.0,1.0,0.0
yocuervoc,0.0,1.0,0.0,0.0,0.0,0.0,1.0,0.0,0.0,0.0,0.0,0.0,0.0,1.0,0.0,1.0,0.0,0.0,0.0,0.0,0.0,0.0,0.0,0.0,0.0,0.0,0.0,0.0,0.0,0.0,0.0,1.0,1.0,1.0,1.0,1.0,0.0,0.0
bottom4,0.024657534246575342,0.0,0.06837606837606838,0.003847798204360838,0.03488372093023256,0.005089058524173028,0.0,0.045454545454545456,0.06153846153846154,0.05333333333333334,0.04201680672268908,0.03496503496503497,0.039603960396039604,0.0,0.0594059405940594,0.0,0.04477611940298507,0.08641975308641975,0.04838709677419355,0.04201680672268908,0.075,0.057971014492753624,0.05755395683453238,0.03571428571428571,0.04,0.058823529411764705,0.07291666666666667,0.03296703296703297,0.05263157894736842,0.09883720930232558,0.05384615384615385,0.0,0.0,0.0,0.0,0.0,0.0,0.0
