,top4,fffeelipe,jmcuestasb,katherinsb,jjrodriguezn,DglyP,cap182,Judgarciani,sacastroc,pcberriop,hsmartineza,Moimolcp,CamiloRueda,juanescai,JoseMolano,maikellPardoA,NicolasZon,camilo654,CristianLozano,top2,pipemax85,juandavidro,UNhcrodriguezl,camilo13152,leavendanoro,cdcordobaa,top3,janoguerab,lfvalderrama,top1,gabi04,annipi,bottom2,jcneivaa,fmbernalb,bottom4,bottom3,bottom1
top4,0.0,0.010620220900594732,0.005546075085324232,0.0,0.006516072980017376,0.005649717514124294,0.0,0.014231896190874843,0.011996572407883462,0.00865426222414539,0.01078981441519206,0.012398460880718255,0.002144082332761578,0.0,0.008189655172413794,0.0013094718463553033,0.002613240418118467,0.004351610095735422,0.0013077593722755014,0.012027491408934709,0.008264462809917356,0.004357298474945534,0.012340425531914894,0.012875536480686695,0.004325259515570935,0.00563014291901256,0.006974716652136007,0.00779896013864818,0.00902061855670103,0.012711864406779662,0.007725321888412017,0.0,0.0,0.0,0.0,0.0,0.0,0.0
fffeelipe,0.010620220900594732,0.0,0.0949367088607595,0.0,0.0390625,0.1016949152542373,0.0,0.06696428571428571,0.14102564102564102,0.05,0.046357615894039736,0.10843373493975904,0.026845637583892617,0.0,0.06896551724137931,0.028037383177570093,0.04424778761061947,0.09734513274336283,0.02727272727272727,0.04242424242424243,0.09836065573770492,0.03418803418803419,0.07142857142857142,0.06666666666666667,0.045454545454545456,0.06976744186046512,0.06779661016949153,0.05185185185185185,0.07142857142857142,0.07291666666666667,0.05128205128205128,0.0,0.0,0.0,0.0,0.0,0.0,0.0
jmcuestasb,0.005546075085324232,0.0949367088607595,0.0,0.0,0.044444444444444446,0.07058823529411765,0.0,0.030927835051546393,0.0859375,0.04854368932038835,0.043859649122807015,0.050724637681159424,0.02702702702702703,0.0,0.05454545454545454,0.04411764705882353,0.039473684210526314,0.04938271604938271,0.04225352112676056,0.047244094488188976,0.07954545454545454,0.09333333333333334,0.04,0.04580152671755725,0.08791208791208792,0.042105263157894736,0.0875,0.061855670103092786,0.058823529411764705,0.050314465408805034,0.06837606837606838,0.0,0.0,0.0,0.0,0.0,0.0,0.0
katherinsb,0.0,0.0,0.0,0.0,0.09090909090909091,0.125,0.0,0.019867549668874173,0.03333333333333333,0.05084745762711865,0.057971014492753624,0.05319148936170213,0.0625,0.0,0.04477611940298507,0.13636363636363635,0.1,0.11428571428571428,0.12,0.06097560975609756,0.06521739130434782,0.125,0.03773584905660377,0.03409090909090909,0.08163265306122448,0.08163265306122448,0.1388888888888889,0.05555555555555555,0.03896103896103896,0.04310344827586207,0.039473684210526314,0.0,0.0,0.0,0.0,0.0,0.0,0.0
jjrodriguezn,0.006516072980017376,0.0390625,0.044444444444444446,0.09090909090909091,0.0,0.10638297872340426,0.0,0.08053691275167785,0.13636363636363635,0.4375,0.45454545454545453,0.04950495049504951,0.041666666666666664,0.0,0.4528301886792453,0.10344827586206896,0.1111111111111111,0.12195121951219512,0.09375,0.189873417721519,0.21739130434782608,0.30303030303030304,0.25806451612903225,0.30666666666666664,0.05263157894736842,0.1111111111111111,0.37142857142857144,0.04918032786885246,0.17567567567567569,0.14285714285714285,0.08860759493670886,0.0,0.0,0.0,0.0,0.0,0.0,0.0
DglyP,0.005649717514124294,0.1016949152542373,0.07058823529411765,0.125,0.10638297872340426,0.0,0.0,0.009152542372881356,0.010395010395010396,0.006278339727938612,0.008005569091541943,0.005159958720330237,0.0020797227036395147,0.0,0.006961364427427776,0.001054481546572935,0.001402524544179523,0.004210526315789474,0.001053370786516854,0.009365244536940686,0.006659656501927795,0.0038623595505617976,0.00859697386519945,0.006910850034554251,0.002789400278940028,0.004891684136967156,0.00597119775201967,0.005235602094240838,0.00798611111111111,0.009256085018854988,0.0062413314840499305,0.0,0.0,0.0,0.0,0.0,0.0,0.0
cap182,0.0,0.0,0.0,0.0,0.0,0.0,0.0,0.0,0.0,0.0,0.0,0.0,0.0,1.0,0.0,0.0,0.0,0.0,0.0,0.0,0.0,0.0,0.0,0.0,0.0,0.0,0.0,0.0,0.0,0.0,0.0,1.0,1.0,1.0,1.0,1.0,1.0,1.0
Judgarciani,0.014231896190874843,0.06696428571428571,0.030927835051546393,0.019867549668874173,0.08053691275167785,0.009152542372881356,0.0,0.0,0.1111111111111111,0.12578616352201258,0.1111111111111111,0.125,0.022099447513812154,0.0,0.1,0.02158273381294964,0.056338028169014086,0.05405405405405406,0.02112676056338028,0.12087912087912088,0.09933774834437085,0.07746478873239436,0.12376237623762376,0.14285714285714285,0.017964071856287425,0.04938271604938271,0.09722222222222222,0.03571428571428571,0.08241758241758242,0.10185185185185185,0.06521739130434782,0.0,0.0,0.0,0.0,0.0,0.0,0.0
sacastroc,0.011996572407883462,0.14102564102564102,0.0859375,0.03333333333333333,0.13636363636363635,0.010395010395010396,0.0,0.1111111111111111,0.0,0.12962962962962962,0.08130081300813008,0.11971830985915492,0.024,0.0,0.1206896551724138,0.036585365853658534,0.09411764705882353,0.08791208791208792,0.03529411764705882,0.09701492537313433,0.12371134020618557,0.054945054945054944,0.11842105263157894,0.11851851851851852,0.0761904761904762,0.0660377358490566,0.08602150537634409,0.09345794392523364,0.1111111111111111,0.09696969696969697,0.07751937984496124,0.0,0.0,0.0,0.0,0.0,0.0,0.0
pcberriop,0.00865426222414539,0.05,0.04854368932038835,0.05084745762711865,0.4375,0.006278339727938612,0.0,0.12578616352201258,0.12962962962962962,0.0,0.2967032967032967,0.058823529411764705,0.02727272727272727,0.0,0.35294117647058826,0.04477611940298507,0.08333333333333333,0.06329113924050633,0.04285714285714286,0.2336448598130841,0.13253012048192772,0.14084507042253522,0.27049180327868855,0.32038834951456313,0.031578947368421054,0.07692307692307693,0.19444444444444445,0.04081632653061224,0.12612612612612611,0.11409395973154363,0.08771929824561403,0.0,0.0,0.0,0.0,0.0,0.0,0.0
hsmartineza,0.01078981441519206,0.046357615894039736,0.043859649122807015,0.057971014492753624,0.45454545454545453,0.008005569091541943,0.0,0.1111111111111111,0.08130081300813008,0.2967032967032967,0.0,0.06015037593984962,0.028037383177570093,0.0,0.2727272727272727,0.046875,0.056338028169014086,0.08,0.04477611940298507,0.205607476635514,0.18181818181818182,0.14705882352941177,0.22580645161290322,0.25471698113207547,0.03260869565217391,0.09195402298850575,0.2028985507246377,0.042105263157894736,0.22,0.13986013986013987,0.07079646017699115,0.0,0.0,0.0,0.0,0.0,0.0,0.0
Moimolcp,0.012398460880718255,0.10843373493975904,0.050724637681159424,0.05319148936170213,0.04950495049504951,0.005159958720330237,0.0,0.125,0.11971830985915492,0.058823529411764705,0.06015037593984962,0.0,0.032520325203252036,0.0,0.075,0.037037037037037035,0.08235294117647059,0.07692307692307693,0.03571428571428571,0.11450381679389313,0.06930693069306931,0.05555555555555555,0.08333333333333333,0.1111111111111111,0.04672897196261682,0.06666666666666667,0.08695652173913043,0.06422018348623854,0.06923076923076923,0.07784431137724551,0.05343511450381679,0.0,0.0,0.0,0.0,0.0,0.0,0.0
CamiloRueda,0.002144082332761578,0.026845637583892617,0.02702702702702703,0.0625,0.041666666666666664,0.0020797227036395147,0.0,0.022099447513812154,0.024,0.02727272727272727,0.028037383177570093,0.032520325203252036,0.0,0.0,0.03225806451612903,0.0625,0.05357142857142857,0.04838709677419355,0.058823529411764705,0.03669724770642202,0.0273972602739726,0.05084745762711865,0.022556390977443608,0.02631578947368421,0.039473684210526314,0.039473684210526314,0.046875,0.0375,0.04950495049504951,0.027972027972027972,0.029411764705882353,0.0,0.0,0.0,0.0,0.0,0.0,0.0
juanescai,0.0,0.0,0.0,0.0,0.0,0.0,1.0,0.0,0.0,0.0,0.0,0.0,0.0,0.0,0.0,0.0,0.0,0.0,0.0,0.0,0.0,0.0,0.0,0.0,0.0,0.0,0.0,0.0,0.0,0.0,0.0,1.0,1.0,1.0,1.0,1.0,1.0,1.0
JoseMolano,0.008189655172413794,0.06896551724137931,0.05454545454545454,0.04477611940298507,0.4528301886792453,0.006961364427427776,0.0,0.1,0.1206896551724138,0.35294117647058826,0.2727272727272727,0.075,0.03225806451612903,0.0,0.0,0.06,0.08928571428571429,0.08064516129032258,0.05660377358490566,0.2777777777777778,0.3050847457627119,0.20754716981132076,0.40816326530612246,0.4691358024691358,0.05194805194805195,0.0945945945945946,0.3018867924528302,0.036585365853658534,0.18681318681318682,0.1732283464566929,0.09183673469387756,0.0,0.0,0.0,0.0,0.0,0.0,0.0
maikellPardoA,0.0013094718463553033,0.028037383177570093,0.04411764705882353,0.13636363636363635,0.10344827586206896,0.001054481546572935,0.0,0.02158273381294964,0.036585365853658534,0.04477611940298507,0.046875,0.037037037037037035,0.0625,0.0,0.06,0.0,0.23076923076923078,0.15789473684210525,0.375,0.04477611940298507,0.06666666666666667,0.1875,0.03333333333333333,0.04225352112676056,0.09090909090909091,0.09090909090909091,0.14285714285714285,0.08108108108108109,0.05,0.0297029702970297,0.05084745762711865,0.0,0.0,0.0,0.0,0.0,0.0,0.0
NicolasZon,0.002613240418118467,0.04424778761061947,0.039473684210526314,0.1,0.1111111111111111,0.001402524544179523,0.0,0.056338028169014086,0.09411764705882353,0.08333333333333333,0.056338028169014086,0.08235294117647059,0.05357142857142857,0.0,0.08928571428571429,0.23076923076923078,0.0,0.1111111111111111,0.1875,0.09859154929577464,0.08108108108108109,0.125,0.09782608695652174,0.09333333333333334,0.07317073170731707,0.1282051282051282,0.10344827586206896,0.11627906976744186,0.05970149253731343,0.05660377358490566,0.12903225806451613,0.0,0.0,0.0,0.0,0.0,0.0,0.0
camilo654,0.004351610095735422,0.09734513274336283,0.04938271604938271,0.11428571428571428,0.12195121951219512,0.004210526315789474,0.0,0.05405405405405406,0.08791208791208792,0.06329113924050633,0.08,0.07692307692307693,0.04838709677419355,0.0,0.08064516129032258,0.15789473684210525,0.1111111111111111,0.0,0.08823529411764706,0.09090909090909091,0.13725490196078433,0.0975609756097561,0.08181818181818182,0.07526881720430108,0.05084745762711865,0.12727272727272726,0.13636363636363635,0.1,0.07228915662650602,0.0743801652892562,0.08641975308641975,0.0,0.0,0.0,0.0,0.0,0.0,0.0
CristianLozano,0.0013077593722755014,0.02727272727272727,0.04225352112676056,0.12,0.09375,0.001053370786516854,0.0,0.02112676056338028,0.03529411764705882,0.04285714285714286,0.04477611940298507,0.03571428571428571,0.058823529411764705,0.0,0.05660377358490566,0.375,0.1875,0.08823529411764706,0.0,0.04285714285714286,0.06060606060606061,0.15789473684210525,0.03225806451612903,0.04054054054054054,0.08333333333333333,0.08333333333333333,0.125,0.075,0.047619047619047616,0.028846153846153848,0.04838709677419355,0.0,0.0,0.0,0.0,0.0,0.0,0.0
top2,0.012027491408934709,0.04242424242424243,0.047244094488188976,0.06097560975609756,0.189873417721519,0.009365244536940686,0.0,0.12087912087912088,0.09701492537313433,0.2336448598130841,0.205607476635514,0.11450381679389313,0.03669724770642202,0.0,0.2777777777777778,0.04477611940298507,0.09859154929577464,0.09090909090909091,0.04285714285714286,0.0,0.189873417721519,0.14084507042253522,0.25,0.25925925925925924,0.0425531914893617,0.08888888888888889,0.2112676056338028,0.0625,0.16822429906542055,0.1527777777777778,0.10714285714285714,0.0,0.0,0.0,0.0,0.0,0.0,0.0
pipemax85,0.008264462809917356,0.09836065573770492,0.07954545454545454,0.06521739130434782,0.21739130434782608,0.006659656501927795,0.0,0.09933774834437085,0.12371134020618557,0.13253012048192772,0.18181818181818182,0.06930693069306931,0.0273972602739726,0.0,0.3050847457627119,0.06666666666666667,0.08108108108108109,0.13725490196078433,0.06060606060606061,0.189873417721519,0.0,0.2647058823529412,0.20618556701030927,0.1951219512195122,0.09090909090909091,0.15384615384615385,0.37142857142857144,0.12280701754385964,0.16,0.13274336283185842,0.08860759493670886,0.0,0.0,0.0,0.0,0.0,0.0,0.0
juandavidro,0.004357298474945534,0.03418803418803419,0.09333333333333334,0.125,0.30303030303030304,0.0038623595505617976,0.0,0.07746478873239436,0.054945054945054944,0.14084507042253522,0.14705882352941177,0.05555555555555555,0.05084745762711865,0.0,0.20754716981132076,0.1875,0.125,0.0975609756097561,0.15789473684210525,0.14084507042253522,0.2647058823529412,0.0,0.11827956989247312,0.13333333333333333,0.11904761904761904,0.09302325581395349,0.5217391304347826,0.0625,0.1746031746031746,0.10576923076923077,0.10606060606060606,0.0,0.0,0.0,0.0,0.0,0.0,0.0
UNhcrodriguezl,0.012340425531914894,0.07142857142857142,0.04,0.03773584905660377,0.25806451612903225,0.00859697386519945,0.0,0.12376237623762376,0.11842105263157894,0.27049180327868855,0.22580645161290322,0.08333333333333333,0.022556390977443608,0.0,0.40816326530612246,0.03333333333333333,0.09782608695652174,0.08181818181818182,0.03225806451612903,0.25,0.20618556701030927,0.11827956989247312,0.0,0.39473684210526316,0.03418803418803419,0.14150943396226415,0.1978021978021978,0.05042016806722689,0.1297709923664122,0.16666666666666666,0.10526315789473684,0.0,0.0,0.0,0.0,0.0,0.0,0.0
camilo13152,0.012875536480686695,0.06666666666666667,0.04580152671755725,0.03409090909090909,0.30666666666666664,0.006910850034554251,0.0,0.14285714285714285,0.11851851851851852,0.32038834951456313,0.25471698113207547,0.1111111111111111,0.02631578947368421,0.0,0.4691358024691358,0.04225352112676056,0.09333333333333334,0.07526881720430108,0.04054054054054054,0.25925925925925924,0.1951219512195122,0.13333333333333333,0.39473684210526316,0.0,0.043859649122807015,0.05309734513274336,0.12631578947368421,0.0603448275862069,0.11450381679389313,0.1402439024390244,0.09848484848484848,0.0,0.0,0.0,0.0,0.0,0.0,0.0
leavendanoro,0.004325259515570935,0.045454545454545456,0.08791208791208792,0.08163265306122448,0.05263157894736842,0.002789400278940028,0.0,0.017964071856287425,0.0761904761904762,0.031578947368421054,0.03260869565217391,0.04672897196261682,0.039473684210526314,0.0,0.05194805194805195,0.09090909090909091,0.07317073170731707,0.05084745762711865,0.08333333333333333,0.0425531914893617,0.09090909090909091,0.11904761904761904,0.03418803418803419,0.043859649122807015,0.0,0.04,0.08196721311475409,0.10810810810810811,0.09375,0.057971014492753624,0.07216494845360824,0.0,0.0,0.0,0.0,0.0,0.0,0.0
cdcordobaa,0.00563014291901256,0.06976744186046512,0.042105263157894736,0.08163265306122448,0.1111111111111111,0.004891684136967156,0.0,0.04938271604938271,0.0660377358490566,0.07692307692307693,0.09195402298850575,0.06666666666666667,0.039473684210526314,0.0,0.0945945945945946,0.09090909090909091,0.1282051282051282,0.12727272727272726,0.08333333333333333,0.08888888888888889,0.15384615384615385,0.09302325581395349,0.14150943396226415,0.05309734513274336,0.04,0.0,0.13043478260869565,0.0625,0.08333333333333333,0.056,0.058823529411764705,0.0,0.0,0.0,0.0,0.0,0.0,0.0
top3,0.006974716652136007,0.06779661016949153,0.0875,0.1388888888888889,0.37142857142857144,0.00597119775201967,0.0,0.09722222222222222,0.08602150537634409,0.19444444444444445,0.2028985507246377,0.08695652173913043,0.046875,0.0,0.3018867924528302,0.14285714285714285,0.10344827586206896,0.13636363636363635,0.125,0.2112676056338028,0.37142857142857144,0.5217391304347826,0.1978021978021978,0.12631578947368421,0.08196721311475409,0.13043478260869565,0.0,0.07575757575757576,0.189873417721519,0.17391304347826086,0.12048192771084337,0.0,0.0,0.0,0.0,0.0,0.0,0.0
janoguerab,0.00779896013864818,0.05185185185185185,0.061855670103092786,0.05555555555555555,0.04918032786885246,0.005235602094240838,0.0,0.03571428571428571,0.09345794392523364,0.04081632653061224,0.042105263157894736,0.06422018348623854,0.0375,0.0,0.036585365853658534,0.08108108108108109,0.11627906976744186,0.1,0.075,0.0625,0.12280701754385964,0.0625,0.05042016806722689,0.0603448275862069,0.10810810810810811,0.0625,0.07575757575757576,0.0,0.06741573033707865,0.03816793893129771,0.06818181818181818,0.0,0.0,0.0,0.0,0.0,0.0,0.0
lfvalderrama,0.00902061855670103,0.07142857142857142,0.058823529411764705,0.03896103896103896,0.17567567567567569,0.00798611111111111,0.0,0.08241758241758242,0.1111111111111111,0.12612612612612611,0.22,0.06923076923076923,0.04950495049504951,0.0,0.18681318681318682,0.05,0.05970149253731343,0.07228915662650602,0.047619047619047616,0.16822429906542055,0.16,0.1746031746031746,0.1297709923664122,0.11450381679389313,0.09375,0.08333333333333333,0.189873417721519,0.06741573033707865,0.0,0.14084507042253522,0.1111111111111111,0.0,0.0,0.0,0.0,0.0,0.0,0.0
top1,0.012711864406779662,0.07291666666666667,0.050314465408805034,0.04310344827586207,0.14285714285714285,0.009256085018854988,0.0,0.10185185185185185,0.09696969696969697,0.11409395973154363,0.13986013986013987,0.07784431137724551,0.027972027972027972,0.0,0.1732283464566929,0.0297029702970297,0.05660377358490566,0.0743801652892562,0.028846153846153848,0.1527777777777778,0.13274336283185842,0.10576923076923077,0.16666666666666666,0.1402439024390244,0.057971014492753624,0.056,0.17391304347826086,0.03816793893129771,0.14084507042253522,0.0,0.08670520231213873,0.0,0.0,0.0,0.0,0.0,0.0,0.0
gabi04,0.007725321888412017,0.05128205128205128,0.06837606837606838,0.039473684210526314,0.08860759493670886,0.0062413314840499305,0.0,0.06521739130434782,0.07751937984496124,0.08771929824561403,0.07079646017699115,0.05343511450381679,0.029411764705882353,0.0,0.09183673469387756,0.05084745762711865,0.12903225806451613,0.08641975308641975,0.04838709677419355,0.10714285714285714,0.08860759493670886,0.10606060606060606,0.10526315789473684,0.09848484848484848,0.07216494845360824,0.058823529411764705,0.12048192771084337,0.06818181818181818,0.1111111111111111,0.08670520231213873,0.0,0.0,0.0,0.0,0.0,0.0,0.0,0.0
annipi,0.0,0.0,0.0,0.0,0.0,0.0,1.0,0.0,0.0,0.0,0.0,0.0,0.0,1.0,0.0,0.0,0.0,0.0,0.0,0.0,0.0,0.0,0.0,0.0,0.0,0.0,0.0,0.0,0.0,0.0,0.0,0.0,1.0,1.0,1.0,1.0,1.0,1.0
bottom2,0.0,0.0,0.0,0.0,0.0,0.0,1.0,0.0,0.0,0.0,0.0,0.0,0.0,1.0,0.0,0.0,0.0,0.0,0.0,0.0,0.0,0.0,0.0,0.0,0.0,0.0,0.0,0.0,0.0,0.0,0.0,1.0,0.0,1.0,1.0,1.0,1.0,1.0
jcneivaa,0.0,0.0,0.0,0.0,0.0,0.0,1.0,0.0,0.0,0.0,0.0,0.0,0.0,1.0,0.0,0.0,0.0,0.0,0.0,0.0,0.0,0.0,0.0,0.0,0.0,0.0,0.0,0.0,0.0,0.0,0.0,1.0,1.0,0.0,1.0,1.0,1.0,1.0
fmbernalb,0.0,0.0,0.0,0.0,0.0,0.0,1.0,0.0,0.0,0.0,0.0,0.0,0.0,1.0,0.0,0.0,0.0,0.0,0.0,0.0,0.0,0.0,0.0,0.0,0.0,0.0,0.0,0.0,0.0,0.0,0.0,1.0,1.0,1.0,0.0,1.0,1.0,1.0
bottom4,0.0,0.0,0.0,0.0,0.0,0.0,1.0,0.0,0.0,0.0,0.0,0.0,0.0,1.0,0.0,0.0,0.0,0.0,0.0,0.0,0.0,0.0,0.0,0.0,0.0,0.0,0.0,0.0,0.0,0.0,0.0,1.0,1.0,1.0,1.0,0.0,1.0,1.0
bottom3,0.0,0.0,0.0,0.0,0.0,0.0,1.0,0.0,0.0,0.0,0.0,0.0,0.0,1.0,0.0,0.0,0.0,0.0,0.0,0.0,0.0,0.0,0.0,0.0,0.0,0.0,0.0,0.0,0.0,0.0,0.0,1.0,1.0,1.0,1.0,1.0,0.0,1.0
bottom1,0.0,0.0,0.0,0.0,0.0,0.0,1.0,0.0,0.0,0.0,0.0,0.0,0.0,1.0,0.0,0.0,0.0,0.0,0.0,0.0,0.0,0.0,0.0,0.0,0.0,0.0,0.0,0.0,0.0,0.0,0.0,1.0,1.0,1.0,1.0,1.0,1.0,0.0
