,adamantwharf,gasierram,bdcajicam,bottom4,dfhincapiem,helmeraac,dasalgadob,falperezgo,djguzmanc,gsuarezc04,top1,gcantem,Semoralesga,top2,top3,stevenbustos,jufcontrerasco,dsbarrerag,wolfstain,miaborjaac,ivdgonzalezco,maikellPardo,Christian7sr,jsnarvaezb,bottom5,aldiazve,top5,fevargasmo,jmhurtadoc,anfmorenoso,nabautistal,crigar,jiapulidoar,jsviveroj,top4,jcrubioa,joahernandezca,bottom2,bottom1,JairVillalba
adamantwharf,0.0,0.04918032786885246,0.08333333333333333,0.0,0.75,0.03571428571428571,0.0,0.0015432098765432098,0.06,0.07317073170731707,0.004207573632538569,0.02654867256637168,0.0013198416190057193,0.03225806451612903,0.0,0.2857142857142857,0.23076923076923078,0.057692307692307696,0.013452914798206279,0.029411764705882353,0.012195121951219513,0.0,0.5,0.05555555555555555,0.1,0.00205620287868403,0.021897810218978103,0.061224489795918366,0.02,0.10526315789473684,0.42857142857142855,0.0,0.01195219123505976,0.058823529411764705,0.020689655172413793,0.008695652173913044,0.024390243902439025,0.0,0.0,0.09090909090909091
gasierram,0.04918032786885246,0.0,0.515625,0.0,0.06557377049180328,0.07407407407407407,0.12903225806451613,0.006526104417670682,0.23333333333333334,0.12087912087912088,0.032,0.4262295081967213,0.011703511053315995,0.16666666666666666,0.00436388049681101,0.06349206349206349,0.07246376811594203,0.08653846153846154,0.08812260536398467,0.08666666666666667,0.04778156996587031,0.0,0.046875,0.36904761904761907,0.10975609756097561,0.010638297872340425,0.38461538461538464,0.1827956989247312,0.36129032258064514,0.234375,0.046153846153846156,0.0,0.043478260869565216,0.28735632183908044,0.13186813186813187,0.16,0.4375,0.0,0.0,0.20512820512820512
bdcajicam,0.08333333333333333,0.515625,0.0,0.0,0.08108108108108109,0.043478260869565216,0.022727272727272728,0.0045662100456621,0.2647058823529412,0.11594202898550725,0.024623803009575923,0.28448275862068967,0.007417102966841187,0.11206896551724138,0.001688048615800135,0.07692307692307693,0.08888888888888889,0.08641975308641975,0.06147540983606557,0.045454545454545456,0.021739130434782608,0.0,0.07692307692307693,0.34328358208955223,0.08196721311475409,0.006056527590847914,0.2357142857142857,0.21428571428571427,0.21568627450980393,0.2,0.075,0.0,0.02867383512544803,0.22535211267605634,0.08383233532934131,0.09482758620689655,0.2619047619047619,0.0,0.0,0.2777777777777778
bottom4,0.0,0.0,0.0,0.0,0.0,0.0,0.0,0.0,0.0,0.0,0.0,0.0,0.0,0.0,0.0,0.0,0.0,0.0,0.0,0.0,0.0,1.0,0.0,0.0,0.0,0.0,0.0,0.0,0.0,0.0,0.0,1.0,0.0,0.0,0.0,0.0,0.0,1.0,1.0,0.0
dfhincapiem,0.75,0.06557377049180328,0.08108108108108109,0.0,0.0,0.03529411764705882,0.0,0.0015424164524421595,0.058823529411764705,0.07142857142857142,0.004201680672268907,0.02631578947368421,0.0017597888253409592,0.031914893617021274,0.0,0.25,0.21428571428571427,0.05660377358490566,0.017937219730941704,0.02912621359223301,0.016260162601626018,0.0,0.42857142857142855,0.05454545454545454,0.0967741935483871,0.002054794520547945,0.021739130434782608,0.06,0.019867549668874173,0.1,0.375,0.0,0.011904761904761904,0.057692307692307696,0.02054794520547945,0.008670520231213872,0.024193548387096774,0.0,0.0,0.08823529411764706
helmeraac,0.03571428571428571,0.07407407407407407,0.043478260869565216,0.0,0.03529411764705882,0.0,0.03260869565217391,0.009448035803083043,0.0625,0.049586776859504134,0.020434227330779056,0.06417112299465241,0.007689021785561726,0.10493827160493827,0.007009345794392523,0.033707865168539325,0.042105263157894736,0.11290322580645161,0.04040404040404041,0.09302325581395349,0.0375,0.0,0.033707865168539325,0.07692307692307693,0.09433962264150944,0.012450851900393184,0.06698564593301436,0.046511627906976744,0.05829596412556054,0.04,0.03333333333333333,0.0,0.027439024390243903,0.0873015873015873,0.06944444444444445,0.043583535108958835,0.0663265306122449,0.0,0.0,0.05309734513274336
dasalgadob,0.0,0.12903225806451613,0.022727272727272728,0.0,0.0,0.03260869565217391,0.0,0.0005122950819672131,0.017241379310344827,0.0,0.004172461752433936,0.07017543859649122,0.001755926251097454,0.030303030303030304,0.0013623978201634877,0.0,0.0,0.016666666666666666,0.004329004329004329,0.0673076923076923,0.02,0.0,0.0,0.03278688524590164,0.11428571428571428,0.0006816632583503749,0.06569343065693431,0.0,0.06,0.038461538461538464,0.0,0.0,0.015625,0.05263157894736842,0.03355704697986577,0.02608695652173913,0.07317073170731707,0.0,0.0,0.05
falperezgo,0.0015432098765432098,0.006526104417670682,0.0045662100456621,0.0,0.0015424164524421595,0.009448035803083043,0.0005122950819672131,0.0,0.004894762604013705,0.003436426116838488,0.031914893617021274,0.013409961685823755,0.019308700834326578,0.017969888295288974,0.02471443406022845,0.0014955134596211367,0.0029850746268656717,0.00784698381559588,0.021569527306103717,0.010076775431861805,0.02647193062528526,0.0,0.0014955134596211367,0.006360078277886497,0.006934125804853888,0.046553808948004836,0.0166270783847981,0.004405286343612335,0.015087223008015087,0.0009905894006934125,0.0014947683109118087,0.0,0.03441945846718678,0.004892367906066536,0.009873060648801129,0.032996040475142985,0.014797136038186158,0.0,0.0,0.005432098765432099
djguzmanc,0.06,0.23333333333333334,0.2647058823529412,0.0,0.058823529411764705,0.0625,0.017241379310344827,0.004894762604013705,0.0,0.09278350515463918,0.034574468085106384,0.15584415584415584,0.009935205183585313,0.12056737588652482,0.002677376171352075,0.05970149253731343,0.05405405405405406,0.08333333333333333,0.09090909090909091,0.0915032679738562,0.029801324503311258,0.0,0.04411764705882353,0.26595744680851063,0.07954545454545454,0.008603573792190603,0.14124293785310735,0.17525773195876287,0.13756613756613756,0.2028985507246377,0.043478260869565216,0.0,0.039473684210526314,0.2608695652173913,0.14130434782608695,0.07329842931937172,0.14634146341463414,0.0,0.0,0.2564102564102564
gsuarezc04,0.07317073170731707,0.12087912087912088,0.11594202898550725,0.0,0.07142857142857142,0.049586776859504134,0.0,0.003436426116838488,0.09278350515463918,0.0,0.012080536912751677,0.07692307692307693,0.004776378636561007,0.08064516129032258,0.0010104412260020209,0.06818181818181818,0.08,0.08139534883720931,0.060240963855421686,0.07518796992481203,0.021352313167259787,0.0,0.06818181818181818,0.14457831325301204,0.04411764705882353,0.006711409395973154,0.0658682634730539,0.125,0.07303370786516854,0.11320754716981132,0.06666666666666667,0.0,0.02456140350877193,0.12195121951219512,0.05084745762711865,0.029333333333333333,0.0718954248366013,0.0,0.0,0.08823529411764706
top1,0.004207573632538569,0.032,0.024623803009575923,0.0,0.004201680672268907,0.020434227330779056,0.004172461752433936,0.031914893617021274,0.034574468085106384,0.012080536912751677,0.0,0.014798488664987406,0.7137854186564788,0.012326169405815424,0.5893186003683242,0.0012853470437017994,0.001603592046183451,0.006045179764556157,0.016158536585365854,0.00847723704866562,0.009626955475330927,0.0,0.0009637006103437199,0.007001909611712286,0.004478566858605247,0.023750840241989694,0.017868338557993732,0.005090677696468342,0.018431740081224616,0.0038510911424903724,0.0009633911368015414,0.0,0.010523150932050512,0.007971938775510204,0.014334683702087878,0.025526862570495697,0.016986473733878578,0.0,0.0,0.007049022749118872
gcantem,0.02654867256637168,0.4262295081967213,0.28448275862068967,0.0,0.02631578947368421,0.06417112299465241,0.07017543859649122,0.013409961685823755,0.15584415584415584,0.07692307692307693,0.014798488664987406,0.0,0.022594142259414227,0.10460251046025104,0.013394315583142764,0.017241379310344827,0.022222222222222223,0.05687203791469194,0.1005586592178771,0.11428571428571428,0.02962962962962963,0.0,0.017241379310344827,0.08695652173913043,0.05235602094240838,0.020663744520976832,0.15789473684210525,0.0891089108910891,0.15053763440860216,0.055865921787709494,0.017142857142857144,0.0,0.04714640198511166,0.09900990099009901,0.1166077738515901,0.09322033898305085,0.1484375,0.0,0.0,0.10869565217391304
Semoralesga,0.0013198416190057193,0.011703511053315995,0.007417102966841187,0.0,0.0017597888253409592,0.007689021785561726,0.001755926251097454,0.019308700834326578,0.009935205183585313,0.004776378636561007,0.7137854186564788,0.022594142259414227,0.0,0.013611229264142918,0.7531900604432505,0.0017452006980802793,0.002175805047867711,0.006013745704467354,0.015353535353535354,0.010135135135135136,0.009554140127388535,0.0,0.0013083296990841692,0.011216566005176877,0.004329004329004329,0.021525885558583105,0.02448290417897847,0.007755277897457992,0.023919429290809903,0.005664488017429194,0.0013077593722755014,0.0,0.013562026326286399,0.010358221838584376,0.014583333333333334,0.03131115459882583,0.02332485156912638,0.0,0.0,0.008684324793747287
top2,0.03225806451612903,0.16666666666666666,0.11206896551724138,0.0,0.031914893617021274,0.10493827160493827,0.030303030303030304,0.017969888295288974,0.12056737588652482,0.08064516129032258,0.012326169405815424,0.10460251046025104,0.013611229264142918,0.0,0.00957411687025421,0.031007751937984496,0.037037037037037035,0.09146341463414634,0.0736196319018405,0.08530805687203792,0.07183908045977011,0.0,0.023076923076923078,0.12422360248447205,0.09027777777777778,0.019935691318327974,0.1282051282051282,0.1,0.11693548387096774,0.07407407407407407,0.022900763358778626,0.0,0.04132231404958678,0.14102564102564102,0.10121457489878542,0.10023310023310024,0.13122171945701358,0.0,0.0,0.0958904109589041
top3,0.0,0.00436388049681101,0.001688048615800135,0.0,0.0,0.007009345794392523,0.0013623978201634877,0.02471443406022845,0.002677376171352075,0.0010104412260020209,0.5893186003683242,0.013394315583142764,0.7531900604432505,0.00957411687025421,0.0,0.0,0.0006697923643670462,0.002982107355864811,0.008514664143803218,0.006213211249182472,0.010351317440401506,0.0,0.0,0.0026481297583581596,0.0030040053404539386,0.029725963771481654,0.013350700097688049,0.0013245033112582781,0.013294422827496757,0.0006686726847208291,0.0,0.0,0.010018785222291797,0.0023186485591255384,0.006776379477250726,0.02185287780855648,0.013080444735120994,0.0,0.0,0.0030010003334444814
stevenbustos,0.2857142857142857,0.06349206349206349,0.07692307692307693,0.0,0.25,0.033707865168539325,0.0,0.0014955134596211367,0.05970149253731343,0.06818181818181818,0.0012853470437017994,0.017241379310344827,0.0017452006980802793,0.031007751937984496,0.0,0.0,0.0967741935483871,0.2807017543859649,0.03829787234042553,0.05128205128205128,0.026923076923076925,0.0,0.08,0.11940298507462686,0.10869565217391304,0.006802721088435374,0.0821917808219178,0.07692307692307693,0.06875,0.05405405405405406,0.07692307692307693,0.0,0.022556390977443608,0.125,0.05063291139240506,0.03977272727272727,0.08270676691729323,0.0,0.0,0.10204081632653061
jufcontrerasco,0.23076923076923078,0.07246376811594203,0.08888888888888889,0.0,0.21428571428571427,0.042105263157894736,0.0,0.0029850746268656717,0.05405405405405406,0.08,0.001603592046183451,0.022222222222222223,0.002175805047867711,0.037037037037037035,0.0006697923643670462,0.0967741935483871,0.0,0.06521739130434782,0.06711409395973154,0.06486486486486487,0.02710843373493976,0.0,0.030612244897959183,0.21138211382113822,0.059322033898305086,0.008436080467229072,0.1958762886597938,0.125,0.18357487922705315,0.0970873786407767,0.030303030303030304,0.0,0.03592814371257485,0.14960629921259844,0.08597285067873303,0.1,0.2111111111111111,0.0,0.0,0.12280701754385964
dsbarrerag,0.057692307692307696,0.08653846153846154,0.08641975308641975,0.0,0.05660377358490566,0.11290322580645161,0.016666666666666666,0.00784698381559588,0.08333333333333333,0.08139534883720931,0.006045179764556157,0.05687203791469194,0.006013745704467354,0.09146341463414634,0.002982107355864811,0.2807017543859649,0.06521739130434782,0.0,0.04868913857677903,0.08904109589041095,0.02364864864864865,0.0,0.05,0.07766990291262135,0.10126582278481013,0.009320905459387484,0.0718232044198895,0.06,0.07253886010362694,0.0273972602739726,0.04918032786885246,0.0,0.037037037037037035,0.10204081632653061,0.07446808510638298,0.04145077720207254,0.07142857142857142,0.0,0.0,0.08433734939759036
wolfstain,0.013452914798206279,0.08812260536398467,0.06147540983606557,0.0,0.017937219730941704,0.04040404040404041,0.004329004329004329,0.021569527306103717,0.09090909090909091,0.060240963855421686,0.016158536585365854,0.1005586592178771,0.015353535353535354,0.0736196319018405,0.008514664143803218,0.03829787234042553,0.06711409395973154,0.04868913857677903,0.0,0.10457516339869281,0.05240174672489083,0.0,0.012552301255230125,0.07011070110701106,0.043137254901960784,0.028519417475728157,0.08746355685131195,0.06741573033707865,0.10919540229885058,0.05394190871369295,0.0125,0.0,0.03177966101694915,0.07894736842105263,0.08238636363636363,0.07992565055762081,0.09451219512195122,0.0,0.0,0.07171314741035857
miaborjaac,0.029411764705882353,0.08666666666666667,0.045454545454545456,0.0,0.02912621359223301,0.09302325581395349,0.0673076923076923,0.010076775431861805,0.0915032679738562,0.07518796992481203,0.00847723704866562,0.11428571428571428,0.010135135135135136,0.08530805687203792,0.006213211249182472,0.05128205128205128,0.06486486486486487,0.08904109589041095,0.10457516339869281,0.0,0.08982035928143713,0.0,0.024793388429752067,0.04878048780487805,0.08823529411764706,0.015453960077269801,0.11353711790393013,0.04375,0.11666666666666667,0.030303030303030304,0.02459016393442623,0.0,0.0423728813559322,0.06962025316455696,0.10504201680672269,0.06436781609195402,0.1004566210045662,0.0,0.0,0.08633093525179857
ivdgonzalezco,0.012195121951219513,0.04778156996587031,0.021739130434782608,0.0,0.016260162601626018,0.0375,0.02,0.02647193062528526,0.029801324503311258,0.021352313167259787,0.009626955475330927,0.02962962962962963,0.009554140127388535,0.07183908045977011,0.010351317440401506,0.026923076923076925,0.02710843373493976,0.02364864864864865,0.05240174672489083,0.08982035928143713,0.0,0.0,0.012448132780082987,0.028169014084507043,0.042801556420233464,0.024758454106280192,0.05042016806722689,0.014134275618374558,0.043010752688172046,0.015873015873015872,0.012396694214876033,0.0,0.029473684210526315,0.03214285714285714,0.04076086956521739,0.05807622504537205,0.04335260115606936,0.0,0.0,0.030418250950570342
maikellPardo,0.0,0.0,0.0,1.0,0.0,0.0,0.0,0.0,0.0,0.0,0.0,0.0,0.0,0.0,0.0,0.0,0.0,0.0,0.0,0.0,0.0,0.0,0.0,0.0,0.0,0.0,0.0,0.0,0.0,0.0,0.0,1.0,0.0,0.0,0.0,0.0,0.0,1.0,1.0,0.0
Christian7sr,0.5,0.046875,0.07692307692307693,0.0,0.42857142857142855,0.033707865168539325,0.0,0.0014955134596211367,0.04411764705882353,0.06818181818181818,0.0009637006103437199,0.017241379310344827,0.0013083296990841692,0.023076923076923078,0.0,0.08,0.030612244897959183,0.05,0.012552301255230125,0.024793388429752067,0.012448132780082987,0.0,0.0,0.05263157894736842,0.09090909090909091,0.002051983584131327,0.02142857142857143,0.057692307692307696,0.0196078431372549,0.14285714285714285,0.3,0.0,0.011811023622047244,0.05555555555555555,0.02027027027027027,0.008620689655172414,0.023809523809523808,0.0,0.0,0.08333333333333333
jsnarvaezb,0.05555555555555555,0.36904761904761907,0.34328358208955223,0.0,0.05454545454545454,0.07692307692307693,0.03278688524590164,0.006360078277886497,0.26595744680851063,0.14457831325301204,0.007001909611712286,0.08695652173913043,0.011216566005176877,0.12422360248447205,0.0026481297583581596,0.11940298507462686,0.21138211382113822,0.07766990291262135,0.07011070110701106,0.04878048780487805,0.028169014084507043,0.0,0.05263157894736842,0.0,0.07692307692307693,0.00992063492063492,0.23493975903614459,0.15841584158415842,0.20441988950276244,0.1780821917808219,0.041666666666666664,0.0,0.03571428571428571,0.23958333333333334,0.12105263157894737,0.12534059945504086,0.24025974025974026,0.0,0.0,0.27848101265822783
bottom5,0.1,0.10975609756097561,0.08196721311475409,0.0,0.0967741935483871,0.09433962264150944,0.11428571428571428,0.006934125804853888,0.07954545454545454,0.04411764705882353,0.004478566858605247,0.05235602094240838,0.004329004329004329,0.09027777777777778,0.0030040053404539386,0.10869565217391304,0.059322033898305086,0.10126582278481013,0.043137254901960784,0.08823529411764706,0.042801556420233464,0.0,0.09090909090909091,0.07692307692307693,0.0,0.014915693904020753,0.08,0.040268456375838924,0.07112970711297072,0.024793388429752067,0.02727272727272727,0.0,0.034782608695652174,0.06802721088435375,0.08658008658008658,0.053738317757009345,0.08018867924528301,0.0,0.0,0.05303030303030303
aldiazve,0.00205620287868403,0.010638297872340425,0.006056527590847914,0.0,0.002054794520547945,0.012450851900393184,0.0006816632583503749,0.046553808948004836,0.008603573792190603,0.006711409395973154,0.023750840241989694,0.020663744520976832,0.021525885558583105,0.019935691318327974,0.029725963771481654,0.006802721088435374,0.008436080467229072,0.009320905459387484,0.028519417475728157,0.015453960077269801,0.024758454106280192,0.0,0.002051983584131327,0.00992063492063492,0.014915693904020753,0.0,0.007583965330444204,0.002857770938667839,0.0073449989198531,0.001104728236853734,0.0006641576267434137,0.0,0.007827374656230167,0.003076923076923077,0.007135135135135135,0.015256008359456636,0.0069504778453518675,0.0,0.0,0.003089143865842895
top5,0.021897810218978103,0.38461538461538464,0.2357142857142857,0.0,0.021739130434782608,0.06698564593301436,0.06569343065693431,0.0166270783847981,0.14124293785310735,0.0658682634730539,0.017868338557993732,0.15789473684210525,0.02448290417897847,0.1282051282051282,0.013350700097688049,0.0821917808219178,0.1958762886597938,0.0718232044198895,0.08746355685131195,0.11353711790393013,0.05042016806722689,0.0,0.02142857142857143,0.23493975903614459,0.08,0.007583965330444204,0.0,0.10059171597633136,0.7607361963190185,0.09929078014184398,0.02127659574468085,0.0,0.040214477211796246,0.14634146341463414,0.11462450592885376,0.33518005540166207,0.8840579710144928,0.0,0.0,0.1111111111111111
fevargasmo,0.061224489795918366,0.1827956989247312,0.21428571428571427,0.0,0.06,0.046511627906976744,0.0,0.004405286343612335,0.17525773195876287,0.125,0.005090677696468342,0.0891089108910891,0.007755277897457992,0.1,0.0013245033112582781,0.07692307692307693,0.125,0.06,0.06741573033707865,0.04375,0.014134275618374558,0.0,0.057692307692307696,0.15841584158415842,0.040268456375838924,0.002857770938667839,0.10059171597633136,0.0,0.11351351351351352,0.21311475409836064,0.05,0.0,0.030201342281879196,0.20224719101123595,0.11049723756906077,0.07795698924731183,0.12578616352201258,0.0,0.0,0.20270270270270271
jmhurtadoc,0.02,0.36129032258064514,0.21568627450980393,0.0,0.019867549668874173,0.05829596412556054,0.06,0.015087223008015087,0.13756613756613756,0.07303370786516854,0.018431740081224616,0.15053763440860216,0.023919429290809903,0.11693548387096774,0.013294422827496757,0.06875,0.18357487922705315,0.07253886010362694,0.10919540229885058,0.11666666666666667,0.043010752688172046,0.0,0.0196078431372549,0.20441988950276244,0.07112970711297072,0.0073449989198531,0.7607361963190185,0.11351351351351352,0.0,0.09803921568627451,0.01948051948051948,0.0,0.04699738903394256,0.14204545454545456,0.10074626865671642,0.32,0.82,0.0,0.0,0.10909090909090909
anfmorenoso,0.10526315789473684,0.234375,0.2,0.0,0.1,0.04,0.038461538461538464,0.0009905894006934125,0.2028985507246377,0.11320754716981132,0.0038510911424903724,0.055865921787709494,0.005664488017429194,0.07407407407407407,0.0006686726847208291,0.05405405405405406,0.0970873786407767,0.0273972602739726,0.05394190871369295,0.030303030303030304,0.015873015873015872,0.0,0.14285714285714285,0.1780821917808219,0.024793388429752067,0.001104728236853734,0.09929078014184398,0.21311475409836064,0.09803921568627451,0.0,0.04878048780487805,0.0,0.03237410071942446,0.27941176470588236,0.12422360248447205,0.06128133704735376,0.16058394160583941,0.0,0.0,0.21052631578947367
nabautistal,0.42857142857142855,0.046153846153846156,0.075,0.0,0.375,0.03333333333333333,0.0,0.0014947683109118087,0.043478260869565216,0.06666666666666667,0.0009633911368015414,0.017142857142857144,0.0013077593722755014,0.022900763358778626,0.0,0.07692307692307693,0.030303030303030304,0.04918032786885246,0.0125,0.02459016393442623,0.012396694214876033,0.0,0.3,0.041666666666666664,0.02727272727272727,0.0006641576267434137,0.02127659574468085,0.05,0.01948051948051948,0.04878048780487805,0.0,0.0,0.01171875,0.07272727272727272,0.02,0.011461318051575931,0.0234375,0.0,0.0,0.07894736842105263
crigar,0.0,0.0,0.0,1.0,0.0,0.0,0.0,0.0,0.0,0.0,0.0,0.0,0.0,0.0,0.0,0.0,0.0,0.0,0.0,0.0,0.0,1.0,0.0,0.0,0.0,0.0,0.0,0.0,0.0,0.0,0.0,0.0,0.0,0.0,0.0,0.0,0.0,1.0,1.0,0.0
jiapulidoar,0.01195219123505976,0.043478260869565216,0.02867383512544803,0.0,0.011904761904761904,0.027439024390243903,0.015625,0.03441945846718678,0.039473684210526314,0.02456140350877193,0.010523150932050512,0.04714640198511166,0.013562026326286399,0.04132231404958678,0.010018785222291797,0.022556390977443608,0.03592814371257485,0.037037037037037035,0.03177966101694915,0.0423728813559322,0.029473684210526315,0.0,0.011811023622047244,0.03571428571428571,0.034782608695652174,0.007827374656230167,0.040214477211796246,0.030201342281879196,0.04699738903394256,0.03237410071942446,0.01171875,0.0,0.0,0.030716723549488054,0.042105263157894736,0.04195804195804196,0.04178272980501393,0.0,0.0,0.040293040293040296
jsviveroj,0.058823529411764705,0.28735632183908044,0.22535211267605634,0.0,0.057692307692307696,0.0873015873015873,0.05263157894736842,0.004892367906066536,0.2608695652173913,0.12195121951219512,0.007971938775510204,0.09900990099009901,0.010358221838584376,0.14102564102564102,0.0023186485591255384,0.125,0.14960629921259844,0.10204081632653061,0.07894736842105263,0.06962025316455696,0.03214285714285714,0.0,0.05555555555555555,0.23958333333333334,0.06802721088435375,0.003076923076923077,0.14634146341463414,0.20224719101123595,0.14204545454545456,0.27941176470588236,0.07272727272727272,0.0,0.030716723549488054,0.0,0.15168539325842698,0.08579088471849866,0.18831168831168832,0.0,0.0,0.17721518987341772
top4,0.020689655172413793,0.13186813186813187,0.08383233532934131,0.0,0.02054794520547945,0.06944444444444445,0.03355704697986577,0.009873060648801129,0.14130434782608695,0.05084745762711865,0.014334683702087878,0.1166077738515901,0.014583333333333334,0.10121457489878542,0.006776379477250726,0.05063291139240506,0.08597285067873303,0.07446808510638298,0.08238636363636363,0.10504201680672269,0.04076086956521739,0.0,0.02027027027027027,0.12105263157894737,0.08658008658008658,0.007135135135135135,0.11462450592885376,0.11049723756906077,0.10074626865671642,0.12422360248447205,0.02,0.0,0.042105263157894736,0.15168539325842698,0.0,0.0823327615780446,0.09946236559139784,0.0,0.0,0.06688963210702341
jcrubioa,0.008695652173913044,0.16,0.09482758620689655,0.0,0.008670520231213872,0.043583535108958835,0.02608695652173913,0.032996040475142985,0.07329842931937172,0.029333333333333333,0.025526862570495697,0.09322033898305085,0.03131115459882583,0.10023310023310024,0.02185287780855648,0.03977272727272727,0.1,0.04145077720207254,0.07992565055762081,0.06436781609195402,0.05807622504537205,0.0,0.008620689655172414,0.12534059945504086,0.053738317757009345,0.015256008359456636,0.33518005540166207,0.07795698924731183,0.32,0.06128133704735376,0.011461318051575931,0.0,0.04195804195804196,0.08579088471849866,0.0823327615780446,0.0,0.34097421203438394,0.0,0.0,0.0708215297450425
joahernandezca,0.024390243902439025,0.4375,0.2619047619047619,0.0,0.024193548387096774,0.0663265306122449,0.07317073170731707,0.014797136038186158,0.14634146341463414,0.0718954248366013,0.016986473733878578,0.1484375,0.02332485156912638,0.13122171945701358,0.013080444735120994,0.08270676691729323,0.2111111111111111,0.07142857142857142,0.09451219512195122,0.1004566210045662,0.04335260115606936,0.0,0.023809523809523808,0.24025974025974026,0.08018867924528301,0.0069504778453518675,0.8840579710144928,0.12578616352201258,0.82,0.16058394160583941,0.0234375,0.0,0.04178272980501393,0.18831168831168832,0.09946236559139784,0.34097421203438394,0.0,0.0,0.0,0.12056737588652482
bottom2,0.0,0.0,0.0,1.0,0.0,0.0,0.0,0.0,0.0,0.0,0.0,0.0,0.0,0.0,0.0,0.0,0.0,0.0,0.0,0.0,0.0,1.0,0.0,0.0,0.0,0.0,0.0,0.0,0.0,0.0,0.0,1.0,0.0,0.0,0.0,0.0,0.0,0.0,1.0,0.0
bottom1,0.0,0.0,0.0,1.0,0.0,0.0,0.0,0.0,0.0,0.0,0.0,0.0,0.0,0.0,0.0,0.0,0.0,0.0,0.0,0.0,0.0,1.0,0.0,0.0,0.0,0.0,0.0,0.0,0.0,0.0,0.0,1.0,0.0,0.0,0.0,0.0,0.0,1.0,0.0,0.0
JairVillalba,0.09090909090909091,0.20512820512820512,0.2777777777777778,0.0,0.08823529411764706,0.05309734513274336,0.05,0.005432098765432099,0.2564102564102564,0.08823529411764706,0.007049022749118872,0.10869565217391304,0.008684324793747287,0.0958904109589041,0.0030010003334444814,0.10204081632653061,0.12280701754385964,0.08433734939759036,0.07171314741035857,0.08633093525179857,0.030418250950570342,0.0,0.08333333333333333,0.27848101265822783,0.05303030303030303,0.003089143865842895,0.1111111111111111,0.20270270270270271,0.10909090909090909,0.21052631578947367,0.07894736842105263,0.0,0.040293040293040296,0.17721518987341772,0.06688963210702341,0.0708215297450425,0.12056737588652482,0.0,0.0,0.0
